37.93375163263589 
37.93375370365849 
37.93374422059658 
37.933628275403876 
37.93375163263589 
37.93375050630001 
36.12276137617538 
37.933748435300295 
37.93362827446413 
37.93375050630001 
37.93362725828461 
37.93362729317066 
37.93362416915119 
37.69928750558018 
36.0972327560275 
37.122567894937056 
36.122346153774366 
36.0972327560275 
37.44470069265715 
36.122779157444334 
37.933750506311 
37.93375370365849 
37.93375163263589 
37.93374945263636 
37.926517988539274 
37.933497783625064 
37.93375366733028 
37.93374741791955 
37.93374741791955 
37.93362725828461 
36.122753850911764 
36.12277915738649 
36.122753850911764 
36.122346530854585 
36.122346153774366 
36.122779157444334 
36.10963501514589 
36.10963501514589 
36.122778776081056 
36.0972327560275 
36.0972327560275 
36.12277877831768 
36.12276137617538 
36.12276137617538 
36.12278247539123 
36.122753850911764 
36.122753850911764 
36.122782541371414 
36.12277915738649 
36.122779157444334 
36.12212800407063 
36.122346153774366 
36.12212793699957 
36.0972327560275 
36.10963501514589 
36.0972327560275 
36.12276137617538 
36.0972327560275 
36.12276137617538 
36.122753850911764 
36.12276137617538 
36.122753850911764 
36.12277915738649 
36.122753850911764 
36.122346530854585 
36.122346153774366 
36.122779157444334 
36.10963501514589 
36.10963501514589 
36.122778776081056 
36.0972327560275 
36.0972327560275 
36.12277877831768 
36.12276137617538 
36.12276137617538 
36.12278247539123 
36.122753850911764 
36.122753850911764 
36.122782541371414 
36.12277915738649 
36.122779157444334 
36.12212800407063 
36.122346153774366 
36.12212793699957 
36.0972327560275 
36.10963501514589 
36.0972327560275 
36.12276137617538 
36.0972327560275 
36.12276137617538 
36.122753850911764 
36.12276137617538 
36.122753850911764 
36.12277915738649 
36.122753850911764 
36.122346530854585 
36.122346153774366 
36.122779157444334 
36.10963501514589 
36.10963501514589 
36.122778776081056 
36.0972327560275 
36.0972327560275 
36.12277877831768 
36.12276137617538 
36.12276137617538 
36.12278247539123 
36.122753850911764 
36.122753850911764 
36.122782541371414 
36.12277915738649 
36.122779157444334 
36.12212800407063 
36.122346153774366 
36.12212793699957 
36.0972327560275 
36.10963501514589 
36.0972327560275 
36.12276137617538 
36.0972327560275 
36.12276137617538 
36.122753850911764 
36.12276137617538 
36.122753850911764 
36.12277915738649 
36.122753850911764 
36.122346530854585 
36.122346153774366 
36.122779157444334 
36.10963501514589 
36.12276137617538 
36.122753850911764 
36.12276137617538 
36.122753850911764 
36.12277915738649 
36.122753850911764 
36.122346530854585 
36.122346153774366 
36.122779157444334 
36.10963501514589 
36.10963501514589 
36.122778776081056 
36.0972327560275 
36.0972327560275 
36.12277877831768 
36.12276137617538 
36.12276137617538 
36.12278247539123 
36.122753850911764 
36.122753850911764 
36.122782541371414 
36.12277915738649 
36.122779157444334 
36.12212800407063 
36.122346153774366 
36.12212793699957 
36.0972327560275 
36.10963501514589 
36.0972327560275 
36.12276137617538 
36.0972327560275 
36.12276137617538 
36.122753850911764 
36.12276137617538 
36.122753850911764 
36.12277915738649 
36.122753850911764 
36.122346530854585 
36.122346153774366 
36.122779157444334 
36.10963501514589 
36.10963501514589 
36.122778776081056 
36.0972327560275 
36.0972327560275 
36.12277877831768 
36.12276137617538 
36.12276137617538 
36.12278247539123 
36.122753850911764 
36.122753850911764 
36.122782541371414 
36.12277915738649 
36.122779157444334 
36.12212800407063 
36.122346153774366 
36.12212793699957 
36.0972327560275 
36.10963501514589 
36.0972327560275 
36.12276137617538 
36.0972327560275 
36.12276137617538 
36.122753850911764 
36.12276137617538 
36.122753850911764 
37.12276923802327 
36.122779157444334 
36.10963501514589 
36.10963501514589 
36.122778776081056 
36.0972327560275 
36.0972327560275 
36.12277877831768 
36.12276137617538 
36.12276137617538 
36.12278247539123 
36.122753850911764 
36.122753850911764 
36.122782541371414 
36.12277915738649 
36.122779157444334 
36.12212800407063 
36.122346153774366 
36.12212793699957 
36.0972327560275 
36.10963501514589 
36.0972327560275 
36.12276137617538 
36.0972327560275 
36.12276137617538 
36.122753850911764 
36.12276137617538 
36.122753850911764 
36.12277915738649 
36.122753850911764 
36.122346530854585 
36.122346153774366 
36.122779157444334 
36.10963501514589 
36.12277877831768 
36.12276137617538 
36.12276137617538 
36.12278247539123 
36.122753850911764 
36.122753850911764 
36.122782541371414 
36.12277915738649 
36.122779157444334 
36.12212800407063 
36.122346153774366 
36.12212793699957 
36.0972327560275 
36.10963501514589 
36.0972327560275 
36.12276137617538 
36.0972327560275 
36.12276137617538 
36.122753850911764 
36.12276137617538 
36.122753850911764 
36.12277915738649 
36.122753850911764 
36.122346530854585 
36.122346153774366 
36.122779157444334 
36.10963501514589 
36.10963501514589 
36.122778776081056 
36.0972327560275 
36.0972327560275 
36.12277877831768 
36.12276137617538 
36.12276137617538 
36.12278247539123 
36.122753850911764 
36.122753850911764 
36.122782541371414 
36.70773207892206 
36.12212793699957 
36.0972327560275 
36.10963501514589 
36.0972327560275 
36.12276137617538 
36.0972327560275 
36.12276137617538 
36.122753850911764 
36.12276137617538 
36.122753850911764 
36.12277915738649 
36.122753850911764 
36.122346530854585 
36.122346153774366 
36.122779157444334 
36.10963501514589 
36.10963501514589 
36.122778776081056 
36.0972327560275 
36.0972327560275 
36.12277877831768 
36.12276137617538 
36.12276137617538 
36.12278247539123 
36.122753850911764 
36.122753850911764 
36.122782541371414 
36.12277915738649 
36.122779157444334 
36.12212800407063 
36.122346153774366 
36.12212793699957 
36.0972327560275 
36.10963501514589 
36.0972327560275 
36.12276137617538 
36.0972327560275 
36.12276137617538 
36.122753850911764 
36.12276137617538 
36.122753850911764 
36.12277915738649 
36.122753850911764 
36.122346530854585 
36.122346153774366 
36.122779157444334 
36.10963501514589 
36.10963501514589 
36.122778776081056 
36.0972327560275 
36.0972327560275 
36.12277877831768 
36.12276137617538 
36.12276137617538 
36.12278247539123 
36.122753850911764 
36.122753850911764 
36.122782541371414 
36.12277915738649 
36.122779157444334 
36.12212800407063 
36.122753850911764 
37.93362409698834 
37.93374843527282 
37.93362827488729 
37.9337463824041 
37.93375370365849 
37.122786040292844 
36.122346153774366 
37.93362416915119 
37.93362936500375 
36.122778776081056 
37.69927690732484 
37.93375370365849 
37.933744311370994 
37.93375370365849 
36.0972327560275 
37.70773880889983 
37.7077435009861 
37.93375577467812 
37.93375163263589 
37.93375159630763 
37.93375050630001 
37.93362413247898 
37.93375577467812 
37.93362936437725 
37.93363150823795 
37.933626330237324 
37.933626330237324 
37.93374741791955 
37.93362725828461 
37.93362729317066 
37.70775140512937 
36.0972327560275 
37.93375050630001 
37.933506069672006 
37.93362725828461 
37.92652113021564 
36.12276137617538 
37.93375577467812 
37.93374848976808 
37.93375577467812 
37.93375163263589 
37.93375159630763 
37.93375050630001 
37.93362413247898 
37.93375577467812 
37.93362936437725 
37.93363150823795 
37.43455128314558 
36.10963501514589 
37.93362725828461 
37.93362729317066 
37.93362416915119 
37.69928750558018 
36.0972327560275 
37.122567894937056 
36.122346153774366 
36.0972327560275 
36.12276137617538 
36.0972327560275 
36.12276137617538 
36.122753850911764 
36.12276137617538 
36.122753850911764 
36.12277915738649 
36.122753850911764 
36.122346530854585 
36.122346153774366 
36.122779157444334 
36.10963501514589 
36.10963501514589 
36.122778776081056 
36.0972327560275 
36.0972327560275 
36.12277877831768 
36.12276137617538 
36.12276137617538 
36.12278247539123 
36.122753850911764 
36.122753850911764 
36.122782541371414 
36.12277915738649 
36.122779157444334 
36.12212800407063 
36.122346153774366 
36.12212793699957 
36.0972327560275 
36.10963501514589 
36.0972327560275 
36.12276137617538 
36.0972327560275 
36.12276137617538 
36.122753850911764 
36.12276137617538 
37.12276965818314 
36.122346153774366 
36.122779157444334 
36.10963501514589 
36.10963501514589 
36.122778776081056 
36.0972327560275 
36.0972327560275 
36.12277877831768 
36.12276137617538 
36.12276137617538 
36.12278247539123 
36.122753850911764 
36.122753850911764 
36.122782541371414 
36.12277915738649 
36.122779157444334 
36.12212800407063 
36.122346153774366 
36.12212793699957 
36.0972327560275 
36.10963501514589 
36.0972327560275 
36.12276137617538 
36.0972327560275 
36.12276137617538 
36.122753850911764 
36.12276137617538 
36.122753850911764 
36.12277915738649 
36.122753850911764 
36.122346530854585 
36.122346153774366 
36.122779157444334 
36.10963501514589 
36.10963501514589 
36.122778776081056 
36.0972327560275 
36.0972327560275 
36.12277877831768 
36.12276137617538 
36.12276137617538 
36.12278247539123 
36.122753850911764 
36.122753850911764 
36.122782541371414 
36.12277915738649 
36.122779157444334 
36.12212800407063 
36.122346153774366 
36.12212793699957 
36.0972327560275 
36.10963501514589 
36.0972327560275 
36.12276137617538 
36.0972327560275 
36.12276137617538 
36.122753850911764 
36.12276137617538 
36.122753850911764 
36.12277915738649 
36.122753850911764 
36.122346530854585 
36.122346153774366 
37.93375163263589 
37.93375050630001 
36.12276137617538 
37.933748435300295 
37.93362827446413 
37.93375050630001 
37.92652108665232 
36.122753850911764 
37.933626204937624 
37.93362827446413 
36.122753850911764 
36.12276137617538 
36.122753850911764 
36.12277915738649 
36.122753850911764 
36.122346530854585 
36.122346153774366 
36.122779157444334 
36.10963501514589 
36.10963501514589 
36.122778776081056 
36.0972327560275 
36.0972327560275 
36.12277877831768 
36.12276137617538 
36.12276137617538 
36.12278247539123 
36.122753850911764 
36.122753850911764 
36.122782541371414 
36.12277915738649 
36.122779157444334 
36.12212800407063 
36.122346153774366 
36.12212793699957 
36.0972327560275 
36.10963501514589 
36.0972327560275 
36.12276137617538 
36.0972327560275 
36.12276137617538 
36.122753850911764 
36.12276137617538 
36.122753850911764 
36.12277915738649 
36.122753850911764 
36.122346530854585 
36.122346153774366 
36.122779157444334 
36.10963501514589 
36.10963501514589 
36.122778776081056 
36.0972327560275 
36.0972327560275 
36.12277877831768 
36.12276137617538 
36.12276137617538 
36.12278247539123 
36.122753850911764 
36.122753850911764 
36.122782541371414 
36.12277915738649 
36.122779157444334 
36.12212800407063 
36.122346153774366 
36.12212793699957 
36.0972327560275 
36.10963501514589 
36.0972327560275 
36.12276137617538 
36.0972327560275 
36.12276137617538 
36.122753850911764 
36.12276137617538 
36.122753850911764 
36.12277915738649 
36.122753850911764 
36.122346530854585 
36.122346153774366 
36.122779157444334 
36.10963501514589 
36.10963501514589 
36.122778776081056 
36.0972327560275 
36.0972327560275 
36.12277877831768 
36.12276137617538 
36.12276137617538 
36.12278247539123 
36.122753850911764 
36.122753850911764 
36.122782541371414 
36.12277915738649 
36.122779157444334 
36.12212800407063 
36.122346153774366 
36.12212793699957 
36.0972327560275 
36.10963501514589 
36.0972327560275 
36.12276137617538 
36.0972327560275 
36.12276137617538 
36.122753850911764 
36.12276137617538 
36.122753850911764 
36.12277915738649 
36.122753850911764 
36.122346530854585 
36.122346153774366 
36.122753850911764 
36.12277915738649 
36.122753850911764 
36.122346530854585 
36.122346153774366 
36.122779157444334 
36.10963501514589 
36.10963501514589 
36.122778776081056 
36.0972327560275 
36.0972327560275 
36.12277877831768 
36.12276137617538 
36.12276137617538 
36.12278247539123 
36.122753850911764 
36.122753850911764 
36.122782541371414 
36.12277915738649 
36.122779157444334 
36.12212800407063 
36.122346153774366 
36.12212793699957 
36.0972327560275 
36.10963501514589 
36.0972327560275 
36.12276137617538 
36.0972327560275 
36.12276137617538 
36.122753850911764 
36.12276137617538 
36.122753850911764 
36.12277915738649 
36.122753850911764 
36.122346530854585 
36.122346153774366 
36.122779157444334 
36.10963501514589 
36.10963501514589 
36.122778776081056 
36.0972327560275 
36.0972327560275 
36.12277877831768 
36.12276137617538 
36.12276137617538 
36.12278247539123 
36.122753850911764 
36.122753850911764 
36.122782541371414 
36.12277915738649 
36.122779157444334 
36.12212800407063 
36.122346153774366 
36.12212793699957 
36.0972327560275 
36.10963501514589 
36.0972327560275 
36.12276137617538 
36.0972327560275 
36.12276137617538 
36.122753850911764 
36.12276137617538 
36.122753850911764 
36.12277915738649 
36.122753850911764 
36.12234978825192 
36.10963501514589 
36.122778776081056 
36.0972327560275 
36.0972327560275 
36.12277877831768 
36.12276137617538 
36.12276137617538 
36.12278247539123 
36.122753850911764 
36.122753850911764 
36.122782541371414 
36.12277915738649 
36.122779157444334 
36.12212800407063 
36.122346153774366 
36.12212793699957 
36.0972327560275 
36.10963501514589 
36.0972327560275 
36.12276137617538 
36.0972327560275 
36.12276137617538 
36.122753850911764 
36.12276137617538 
36.122753850911764 
36.12277915738649 
36.122753850911764 
36.122346530854585 
36.122346153774366 
36.122779157444334 
36.10963501514589 
36.10963501514589 
36.122778776081056 
36.0972327560275 
37.93374843527282 
37.93362827488729 
37.9337463824041 
37.93375370365849 
36.707745602564046 
36.70773207892206 
37.93362211516039 
36.12278234794267 
37.93362625789873 
37.12255151252919 
36.10963501514589 
36.122778776081056 
36.0972327560275 
36.0972327560275 
36.12277877831768 
36.12276137617538 
36.12276137617538 
36.12278247539123 
36.122753850911764 
36.122753850911764 
36.122782541371414 
36.12277915738649 
36.122779157444334 
36.12212800407063 
36.122346153774366 
36.12212793699957 
36.0972327560275 
36.10963501514589 
36.0972327560275 
36.12276137617538 
36.0972327560275 
36.12276137617538 
36.122753850911764 
36.12276137617538 
36.122753850911764 
36.12277915738649 
36.122753850911764 
36.12234978825192 
36.10963501514589 
36.122778776081056 
36.0972327560275 
36.0972327560275 
36.12277877831768 
36.12276137617538 
36.12276137617538 
36.12278247539123 
36.122753850911764 
36.122753850911764 
36.122782541371414 
36.12277915738649 
36.122779157444334 
36.12212800407063 
36.122346153774366 
36.12212793699957 
36.0972327560275 
36.10963501514589 
36.0972327560275 
36.12276137617538 
36.0972327560275 
36.12276137617538 
36.122753850911764 
36.12276137617538 
36.122753850911764 
36.12277915738649 
36.122753850911764 
36.122346530854585 
36.122346153774366 
36.122779157444334 
36.10963501514589 
36.10963501514589 
36.122778776081056 
36.0972327560275 
36.0972327560275 
36.12277877831768 
36.12276137617538 
36.12276137617538 
36.12278247539123 
36.122753850911764 
36.122753850911764 
36.122782541371414 
36.12277915738649 
36.122779157444334 
36.12212800407063 
36.122346153774366 
36.12212793699957 
36.0972327560275 
36.10963501514589 
36.0972327560275 
36.12276137617538 
36.0972327560275 
36.12276137617538 
36.122753850911764 
36.12276137617538 
36.122753850911764 
36.12277915738649 
36.122753850911764 
36.122346530854585 
36.122346153774366 
36.122779157444334 
36.10963501514589 
36.10963501514589 
36.122778776081056 
36.0972327560275 
36.0972327560275 
36.12277877831768 
36.12276137617538 
36.12276137617538 
36.12278247539123 
36.122753850911764 
36.122753850911764 
37.103664647386296 
37.9335018539524 
37.93375370365849 
37.70773999545505 
36.12276137617538 
37.93375577467812 
37.933626330237324 
36.70746204337633 
36.70746204337633 
37.44469686308379 
36.12276137617538 
37.69905266235283 
37.933748435300295 
37.93375577467812 
37.93374848976808 
37.93375577467812 
37.93374741791955 
36.10963501514589 
36.122778776081056 
36.0972327560275 
36.0972327560275 
36.12277877831768 
36.12276137617538 
36.12276137617538 
36.12278247539123 
36.122753850911764 
36.122753850911764 
36.122782541371414 
36.12277915738649 
36.122779157444334 
36.12212800407063 
36.122346153774366 
36.12212793699957 
36.0972327560275 
36.10963501514589 
36.0972327560275 
36.12276137617538 
36.0972327560275 
36.12276137617538 
36.122753850911764 
36.12276137617538 
36.122753850911764 
36.12277915738649 
36.122753850911764 
36.122346530854585 
36.122346153774366 
36.122779157444334 
36.10963501514589 
36.10963501514589 
36.122778776081056 
36.0972327560275 
36.0972327560275 
36.12277877831768 
36.12276137617538 
36.12276137617538 
36.12278247539123 
36.122753850911764 
36.122753850911764 
36.122782541371414 
36.12277915738649 
36.122779157444334 
36.12212800407063 
36.122346153774366 
36.12212793699957 
36.0972327560275 
36.10963501514589 
36.0972327560275 
36.12276137617538 
36.0972327560275 
36.12276137617538 
36.122753850911764 
36.12276137617538 
36.122753850911764 
36.12277915738649 
36.122753850911764 
36.122346530854585 
36.122346153774366 
36.122779157444334 
36.10963501514589 
36.10963501514589 
36.122778776081056 
36.0972327560275 
36.0972327560275 
36.12277877831768 
37.444702171517186 
36.122753850911764 
36.122782541371414 
36.12277915738649 
36.122779157444334 
36.12212800407063 
36.122346153774366 
36.12212793699957 
36.0972327560275 
36.10963501514589 
36.0972327560275 
36.12276137617538 
36.0972327560275 
36.12276137617538 
36.122753850911764 
36.12276137617538 
36.122753850911764 
36.12277915738649 
36.122753850911764 
36.122346530854585 
36.122346153774366 
36.122779157444334 
36.10963501514589 
36.10963501514589 
36.122778776081056 
36.0972327560275 
36.0972327560275 
36.12277877831768 
36.12276137617538 
36.12276137617538 
36.12278247539123 
36.122753850911764 
36.122753850911764 
37.93375577467812 
37.93375163263589 
37.93375159630763 
37.93375050630001 
37.93362413247898 
37.93375577467812 
37.93362936437725 
37.93363150823795 
37.933626330237324 
37.933626330237324 
37.93374741791955 
37.93362725828461 
37.93362729317066 
37.70775140512937 
36.0972327560275 
37.93375050630001 
37.933506069672006 
37.93362725828461 
37.92652113021564 
36.12276137617538 
37.93375163263589 
37.93374945263636 
37.926517988539274 
37.933497783625064 
37.93375366733028 
37.93374741791955 
37.93374738160766 
37.93362725828461 
37.93362729317066 
37.70775140512937 
37.93375370365849 
37.93362936437725 
37.707602324648875 
36.70746204337633 
36.70746204337633 
36.70746204337633 
36.70746204337633 
36.70746204337633 
37.70746297689649 
37.44470513971399 
36.70743577853106 
37.429433139962406 
37.933748435300295 
37.93375577467812 
37.93374848976808 
37.93375577467812 
37.93374741791955 
37.93363150823795 
37.92639624060186 
37.93362511410984 
37.93375370365849 
36.70746204337633 
36.70746204337633 
36.70746204337633 
36.70746204337633 
36.70746204337633 
36.70746204337633 
37.93375155997387 
37.103664647386296 
36.70743577853106 
37.91924475595256 
37.93362211516039 
37.93362729317066 
37.93362416915119 
37.926522207761195 
37.93375577467812 
37.93374738160217 
37.9337463824041 
37.93375370365849 
36.707745602564046 
36.70773207892206 
37.93362211516039 
36.12278234794267 
37.93362625789873 
37.12255151252919 
36.122346153774366 
37.93375155997387 
36.10963501514589 
36.0972327560275 
36.12276137617538 
36.0972327560275 
36.12276137617538 
36.122753850911764 
36.12276137617538 
36.122753850911764 
36.12277915738649 
36.122753850911764 
36.122346530854585 
36.122346153774366 
36.122779157444334 
36.10963501514589 
36.10963501514589 
36.122778776081056 
36.0972327560275 
36.0972327560275 
36.12277877831768 
36.12276137617538 
36.12276137617538 
36.12278247539123 
36.122753850911764 
36.122753850911764 
36.122782541371414 
36.12277915738649 
36.122779157444334 
36.12212800407063 
36.122346153774366 
36.12212793699957 
36.0972327560275 
36.10963501514589 
36.0972327560275 
36.12276137617538 
36.0972327560275 
36.12276137617538 
36.122753850911764 
36.12276137617538 
36.122753850911764 
36.12277915738649 
36.122753850911764 
36.122346530854585 
36.122346153774366 
36.122779157444334 
36.10963501514589 
36.10963501514589 
36.122778776081056 
36.0972327560275 
36.0972327560275 
36.12277877831768 
36.12276137617538 
36.12276137617538 
36.12278247539123 
36.122753850911764 
36.122753850911764 
36.122782541371414 
36.12277915738649 
36.122779157444334 
36.12212800407063 
36.122346153774366 
36.12212793699957 
36.0972327560275 
36.10963501514589 
36.0972327560275 
36.12276137617538 
36.0972327560275 
36.12276137617538 
36.122753850911764 
36.12276137617538 
36.122753850911764 
36.12277915738649 
36.122753850911764 
36.122346530854585 
36.122346153774366 
36.122779157444334 
36.10963501514589 
36.10963501514589 
36.122778776081056 
36.0972327560275 
36.0972327560275 
36.12277877831768 
36.12276137617538 
36.12276137617538 
36.12278247539123 
36.122753850911764 
36.122753850911764 
36.122782541371414 
36.12277915738649 
36.122779157444334 
36.12212800407063 
36.122346153774366 
36.12212793699957 
36.0972327560275 
36.10963501514589 
36.0972327560275 
36.12276137617538 
36.0972327560275 
36.12276137617538 
36.122753850911764 
36.12276137617538 
36.12276137617538 
36.12278247539123 
36.122753850911764 
36.122753850911764 
36.122782541371414 
36.12277915738649 
36.122779157444334 
36.12212800407063 
36.122346153774366 
36.12212793699957 
36.0972327560275 
36.10963501514589 
36.0972327560275 
36.12276137617538 
36.0972327560275 
36.12276137617538 
36.122753850911764 
36.12276137617538 
36.122753850911764 
36.12277915738649 
36.122753850911764 
36.122346530854585 
36.122346153774366 
36.122779157444334 
36.10963501514589 
36.10963501514589 
36.122778776081056 
36.0972327560275 
36.0972327560275 
36.12277877831768 
36.12276137617538 
36.12276137617538 
36.12278247539123 
37.12276394723 
36.122779157444334 
36.12212800407063 
36.122346153774366 
36.12212793699957 
36.0972327560275 
36.10963501514589 
36.0972327560275 
36.12276137617538 
36.0972327560275 
36.12276137617538 
36.122753850911764 
36.12276137617538 
36.122753850911764 
36.12277915738649 
36.122753850911764 
36.122346530854585 
36.122346153774366 
36.122779157444334 
36.10963501514589 
36.10963501514589 
36.122778776081056 
36.0972327560275 
36.0972327560275 
36.12277877831768 
36.12276137617538 
36.12276137617538 
36.12278247539123 
36.122753850911764 
36.122753850911764 
36.122782541371414 
36.12277915738649 
36.122779157444334 
36.12212800407063 
36.122346153774366 
36.12212793699957 
36.0972327560275 
36.10963501514589 
36.0972327560275 
36.12276137617538 
36.0972327560275 
36.12276137617538 
36.122753850911764 
36.12276137617538 
36.122753850911764 
36.12277915738649 
36.122753850911764 
36.122346530854585 
36.122346153774366 
36.122779157444334 
36.10963501514589 
36.10963501514589 
36.122778776081056 
36.0972327560275 
36.0972327560275 
36.12277877831768 
36.12276137617538 
36.12276137617538 
36.12278247539123 
36.122753850911764 
36.122753850911764 
36.122782541371414 
36.12277915738649 
36.122779157444334 
36.12212800407063 
36.122346153774366 
36.12212793699957 
37.69905266235283 
37.933748435300295 
37.93375577467812 
37.93374848976808 
37.93375577467812 
37.93375163263589 
37.93375159630763 
37.93375050630001 
37.93362413247898 
37.93375577467812 
37.434276363719945 
37.93363150823795 
37.93362940102184 
37.93375366733028 
37.93375366732479 
37.93362518708049 
37.93374534688792 
36.12276137617538 
37.93331530976665 
37.919244755947005 
37.93375366732479 
37.93375159630214 
37.93375370365849 
37.93374629162433 
36.12278247539123 
36.122753850911764 
36.122753850911764 
36.122782541371414 
36.12277915738649 
36.122779157444334 
36.12212800407063 
36.122346153774366 
36.12212793699957 
36.0972327560275 
36.10963501514589 
36.0972327560275 
36.12276137617538 
36.0972327560275 
36.12276137617538 
36.122753850911764 
36.12276137617538 
36.122753850911764 
36.12277915738649 
36.122753850911764 
36.122346530854585 
36.122346153774366 
36.122779157444334 
36.10963501514589 
36.10963501514589 
36.122778776081056 
36.0972327560275 
36.0972327560275 
36.12277877831768 
36.12276137617538 
36.12276137617538 
36.12278247539123 
36.122753850911764 
36.122753850911764 
36.122782541371414 
36.12277915738649 
36.122779157444334 
36.12212800407063 
36.122346153774366 
36.12212793699957 
36.0972327560275 
36.10963501514589 
36.0972327560275 
36.12276137617538 
36.0972327560275 
36.12276137617538 
36.122753850911764 
36.12276137617538 
36.122753850911764 
36.12277915738649 
36.122753850911764 
36.122346530854585 
36.70744835365376 
36.122778776081056 
36.0972327560275 
36.0972327560275 
36.12277877831768 
36.12276137617538 
36.12276137617538 
36.12278247539123 
36.122753850911764 
36.122753850911764 
36.122782541371414 
36.12277915738649 
36.122779157444334 
36.12212800407063 
36.122346153774366 
36.12212793699957 
36.0972327560275 
36.10963501514589 
36.0972327560275 
36.12276137617538 
36.0972327560275 
36.12276137617538 
36.122753850911764 
36.12276137617538 
36.122753850911764 
36.12277915738649 
36.122753850911764 
36.122346530854585 
36.122346153774366 
36.122779157444334 
37.69489378854548 
36.0972327560275 
36.12277877831768 
36.12276137617538 
36.12276137617538 
36.12278247539123 
36.122753850911764 
36.122753850911764 
36.122782541371414 
36.12277915738649 
36.122779157444334 
36.12212800407063 
36.122346153774366 
36.12212793699957 
36.0972327560275 
36.10963501514589 
36.0972327560275 
36.12276137617538 
36.10963501514589 
36.0972327560275 
36.12276137617538 
36.0972327560275 
36.12276137617538 
36.122753850911764 
36.12276137617538 
36.122753850911764 
36.12277915738649 
36.122753850911764 
36.122346530854585 
36.122346153774366 
36.122779157444334 
36.10963501514589 
36.10963501514589 
36.122778776081056 
36.0972327560275 
36.0972327560275 
36.12277877831768 
36.12276137617538 
36.12276137617538 
36.12278247539123 
36.122753850911764 
36.122753850911764 
36.122782541371414 
36.12277915738649 
36.122779157444334 
36.12212800407063 
36.122346153774366 
36.12212793699957 
36.0972327560275 
36.10963501514589 
36.0972327560275 
36.12276137617538 
36.0972327560275 
36.12276137617538 
36.122753850911764 
36.12276137617538 
36.122753850911764 
36.12277915738649 
36.122753850911764 
36.122346530854585 
36.122346153774366 
36.122779157444334 
36.10963501514589 
36.10963501514589 
36.122778776081056 
36.0972327560275 
36.0972327560275 
36.12277877831768 
36.12276137617538 
36.12276137617538 
36.12278247539123 
36.122753850911764 
36.122753850911764 
36.122782541371414 
36.12277915738649 
36.122779157444334 
36.12212800407063 
36.122346153774366 
36.12212793699957 
36.0972327560275 
36.10963501514589 
36.0972327560275 
36.12276137617538 
36.0972327560275 
36.12276137617538 
36.122753850911764 
36.12276137617538 
36.122753850911764 
36.12277915738649 
36.122753850911764 
36.122346530854585 
36.122346153774366 
36.122779157444334 
36.10963501514589 
36.10963501514589 
36.122778776081056 
36.0972327560275 
36.0972327560275 
36.12277877831768 
36.12276137617538 
36.12276137617538 
36.12278247539123 
36.122753850911764 
36.122753850911764 
36.122782541371414 
36.12277915738649 
36.122779157444334 
36.12212800407063 
36.122346153774366 
36.12212793699957 
36.0972327560275 
36.10963501514589 
36.0972327560275 
36.12276137617538 
36.0972327560275 
36.12276137617538 
36.122753850911764 
36.12276137617538 
37.44469686308379 
36.12276137617538 
37.69905266235283 
37.933748435300295 
37.93375577467812 
37.93374848976808 
37.93375577467812 
37.93374741791955 
37.43455128314558 
36.10963501514589 
37.93362725828461 
37.93362729317066 
37.93362416915119 
37.69928750558018 
36.0972327560275 
37.122567894937056 
36.122346153774366 
36.0972327560275 
36.122779157444334 
36.10963501514589 
36.10963501514589 
36.122778776081056 
36.0972327560275 
36.0972327560275 
36.12277877831768 
36.12276137617538 
36.12276137617538 
36.12278247539123 
36.122753850911764 
36.122753850911764 
36.122782541371414 
36.12277915738649 
36.122779157444334 
36.12212800407063 
36.122346153774366 
36.12212793699957 
36.0972327560275 
36.10963501514589 
36.0972327560275 
36.12276137617538 
36.0972327560275 
36.12276137617538 
36.122753850911764 
36.12276137617538 
36.122753850911764 
36.12277915738649 
36.122753850911764 
36.122346530854585 
36.122346153774366 
36.122779157444334 
36.10963501514589 
36.10963501514589 
36.122778776081056 
36.0972327560275 
36.0972327560275 
36.12277877831768 
36.12276137617538 
36.12276137617538 
36.12278247539123 
36.122753850911764 
36.122753850911764 
36.122782541371414 
36.12277915738649 
36.122779157444334 
36.12212800407063 
36.122346153774366 
36.12212793699957 
36.0972327560275 
36.10963501514589 
36.0972327560275 
36.12276137617538 
36.0972327560275 
36.12276137617538 
36.122753850911764 
36.12276137617538 
36.122753850911764 
36.12277915738649 
36.122753850911764 
36.122346530854585 
36.122346153774366 
36.122779157444334 
36.10963501514589 
36.10963501514589 
36.122778776081056 
36.0972327560275 
36.0972327560275 
36.12277877831768 
36.12276137617538 
36.12276137617538 
36.12278247539123 
36.122753850911764 
36.122753850911764 
36.122782541371414 
36.12277915738649 
36.122779157444334 
36.12212800407063 
36.122346153774366 
36.12212793699957 
36.0972327560275 
36.10963501514589 
36.0972327560275 
36.12276137617538 
36.0972327560275 
36.12276137617538 
36.122753850911764 
36.12276137617538 
36.122753850911764 
36.12277915738649 
36.122753850911764 
36.122346530854585 
36.122346153774366 
36.122779157444334 
36.10963501514589 
36.10963501514589 
36.122778776081056 
36.0972327560275 
36.0972327560275 
36.12277877831768 
36.10963501514589 
36.122778776081056 
36.0972327560275 
36.0972327560275 
36.12277877831768 
36.12276137617538 
36.12276137617538 
36.12278247539123 
36.122753850911764 
36.122753850911764 
36.122782541371414 
36.12277915738649 
36.122779157444334 
36.12212800407063 
36.122346153774366 
36.12212793699957 
36.0972327560275 
36.10963501514589 
36.0972327560275 
36.12276137617538 
36.0972327560275 
36.12276137617538 
36.122753850911764 
36.12276137617538 
36.122753850911764 
36.12277915738649 
36.122753850911764 
36.12234978825192 
36.10963501514589 
36.122778776081056 
36.0972327560275 
36.0972327560275 
36.12277877831768 
36.12276137617538 
36.12276137617538 
36.12278247539123 
36.122753850911764 
36.122753850911764 
36.122782541371414 
36.12277915738649 
36.122779157444334 
36.12212800407063 
36.122346153774366 
36.12212793699957 
36.0972327560275 
36.10963501514589 
36.0972327560275 
36.12276137617538 
36.0972327560275 
36.12276137617538 
36.122753850911764 
36.12276137617538 
36.122753850911764 
36.12277915738649 
36.122753850911764 
36.122346530854585 
36.122346153774366 
36.122779157444334 
36.10963501514589 
36.10963501514589 
36.122778776081056 
36.0972327560275 
36.0972327560275 
36.12277877831768 
36.12276137617538 
36.12276137617538 
36.12278247539123 
36.122753850911764 
36.122753850911764 
36.122782541371414 
36.12277915738649 
36.122779157444334 
36.12212800407063 
36.122346153774366 
36.12212793699957 
36.0972327560275 
36.10963501514589 
36.0972327560275 
36.12276137617538 
36.0972327560275 
36.12276137617538 
36.122753850911764 
36.12276137617538 
36.122753850911764 
36.12277915738649 
36.122753850911764 
36.122346530854585 
36.122346153774366 
36.122779157444334 
36.10963501514589 
36.10963501514589 
36.122778776081056 
36.0972327560275 
36.0972327560275 
36.12277877831768 
36.12276137617538 
36.12276137617538 
36.12278247539123 
36.122753850911764 
36.122753850911764 
36.122346153774366 
36.122779157444334 
36.10963501514589 
36.10963501514589 
36.122778776081056 
36.0972327560275 
36.0972327560275 
36.12277877831768 
36.12276137617538 
36.12276137617538 
36.12278247539123 
36.122753850911764 
36.122753850911764 
36.122782541371414 
36.12277915738649 
36.122779157444334 
36.12212800407063 
36.122346153774366 
36.12212793699957 
36.0972327560275 
36.10963501514589 
36.0972327560275 
36.12276137617538 
36.0972327560275 
36.12276137617538 
36.122753850911764 
36.12276137617538 
36.122753850911764 
36.12277915738649 
36.122753850911764 
36.122346530854585 
36.122346153774366 
36.122779157444334 
36.10963501514589 
36.10963501514589 
36.122778776081056 
36.0972327560275 
36.0972327560275 
36.12277877831768 
36.12276137617538 
36.12276137617538 
36.12278247539123 
36.122753850911764 
36.122753850911764 
36.122782541371414 
36.12277915738649 
36.122779157444334 
36.12212800407063 
36.122346153774366 
36.12212793699957 
36.0972327560275 
36.10963501514589 
36.0972327560275 
36.12276137617538 
36.0972327560275 
36.12276137617538 
36.122753850911764 
36.12276137617538 
36.122753850911764 
36.12277915738649 
36.122753850911764 
36.122346530854585 
36.122346153774366 
36.122779157444334 
36.10963501514589 
36.10963501514589 
36.122778776081056 
36.0972327560275 
36.0972327560275 
36.12277877831768 
36.12276137617538 
36.12276137617538 
36.12278247539123 
36.122753850911764 
36.122753850911764 
36.122782541371414 
36.12277915738649 
36.122779157444334 
36.12212800407063 
36.122346153774366 
36.12212793699957 
36.0972327560275 
36.10963501514589 
36.0972327560275 
36.12276137617538 
36.0972327560275 
36.12276137617538 
36.122753850911764 
36.12276137617538 
36.122753850911764 
36.12277915738649 
36.122753850911764 
36.122346530854585 
36.122346153774366 
36.122779157444334 
36.10963501514589 
36.10963501514589 
36.122778776081056 
36.0972327560275 
36.0972327560275 
37.93363143576223 
37.93375159630214 
37.93375050630001 
37.933624150680444 
37.44471691948215 
36.10963501514589 
37.93362725828461 
37.93362729317066 
37.93362416915119 
37.69928750558018 
36.12276137617538 
36.12276137617538 
36.12278247539123 
36.122753850911764 
36.122753850911764 
36.122782541371414 
36.12277915738649 
36.122779157444334 
36.12212800407063 
36.122346153774366 
36.12212793699957 
36.0972327560275 
36.10963501514589 
36.0972327560275 
36.12276137617538 
36.0972327560275 
36.12276137617538 
36.122753850911764 
36.12276137617538 
36.122753850911764 
36.12277915738649 
36.122753850911764 
36.122346530854585 
36.122346153774366 
36.122779157444334 
36.10963501514589 
36.10963501514589 
36.122778776081056 
36.0972327560275 
36.0972327560275 
36.12277877831768 
36.12276137617538 
36.12276137617538 
36.12278247539123 
37.12276394723 
36.122779157444334 
36.12212800407063 
36.122346153774366 
36.12212793699957 
36.0972327560275 
36.10963501514589 
36.0972327560275 
36.12276137617538 
36.0972327560275 
36.12276137617538 
36.122753850911764 
36.12276137617538 
36.122753850911764 
36.12277915738649 
36.122753850911764 
36.122346530854585 
36.122346153774366 
36.122779157444334 
36.10963501514589 
36.10963501514589 
36.122778776081056 
36.0972327560275 
36.0972327560275 
36.12277877831768 
36.12276137617538 
36.12276137617538 
36.12278247539123 
36.122753850911764 
36.122753850911764 
36.122782541371414 
36.12277915738649 
36.122779157444334 
36.12212800407063 
36.122346153774366 
36.12212793699957 
36.0972327560275 
36.10963501514589 
36.0972327560275 
36.12276137617538 
36.0972327560275 
36.12276137617538 
36.122753850911764 
36.12276137617538 
36.122753850911764 
36.12277915738649 
36.122753850911764 
36.122346530854585 
36.122346153774366 
36.122779157444334 
36.10963501514589 
36.10963501514589 
36.122778776081056 
36.0972327560275 
36.0972327560275 
36.12277877831768 
36.12276137617538 
36.12276137617538 
36.12278247539123 
36.122753850911764 
36.122753850911764 
36.122782541371414 
36.12277915738649 
36.122779157444334 
36.12212800407063 
36.122346153774366 
36.12276137617538 
36.122753850911764 
36.12277915738649 
36.122753850911764 
36.122346530854585 
36.122346153774366 
36.122779157444334 
36.10963501514589 
36.10963501514589 
36.12277877831768 
36.12276137617538 
36.12276137617538 
36.12278247539123 
36.122753850911764 
36.122753850911764 
36.122782541371414 
36.12277915738649 
36.122779157444334 
36.12212800407063 
36.122346153774366 
36.12212793699957 
36.0972327560275 
36.10963501514589 
36.0972327560275 
36.12276137617538 
36.0972327560275 
36.12276137617538 
36.122753850911764 
36.12276137617538 
36.122753850911764 
36.12277915738649 
36.122753850911764 
36.122346530854585 
36.122346153774366 
36.122779157444334 
36.10963501514589 
36.10963501514589 
36.122778776081056 
36.0972327560275 
36.0972327560275 
36.12277877831768 
36.12276137617538 
36.12276137617538 
36.12278247539123 
36.122753850911764 
36.122753850911764 
36.122782541371414 
36.12277915738649 
36.122779157444334 
36.12212800407063 
36.122346153774366 
36.12212793699957 
36.0972327560275 
36.10963501514589 
36.0972327560275 
36.12276137617538 
36.0972327560275 
36.12276137617538 
36.122753850911764 
36.12276137617538 
36.122753850911764 
36.12277915738649 
36.122753850911764 
36.122346530854585 
36.122346153774366 
36.122779157444334 
36.10963501514589 
36.10963501514589 
36.122778776081056 
36.0972327560275 
36.0972327560275 
36.12277877831768 
37.444702171517186 
36.122753850911764 
36.122782541371414 
36.12277915738649 
36.122779157444334 
36.12212800407063 
36.122346153774366 
36.12212793699957 
36.0972327560275 
36.10963501514589 
36.0972327560275 
36.12276137617538 
36.0972327560275 
36.12276137617538 
36.122753850911764 
36.12276137617538 
36.122753850911764 
36.12277915738649 
36.122753850911764 
36.122346530854585 
36.122346153774366 
36.122779157444334 
36.10963501514589 
36.10963501514589 
36.122778776081056 
36.0972327560275 
36.0972327560275 
36.12277877831768 
36.122779157444334 
36.10963501514589 
36.10963501514589 
36.122778776081056 
36.0972327560275 
36.0972327560275 
36.12277877831768 
36.12276137617538 
36.12276137617538 
36.12278247539123 
36.122753850911764 
36.122753850911764 
36.122782541371414 
36.12277915738649 
36.122779157444334 
36.12212800407063 
36.122346153774366 
36.12212793699957 
36.0972327560275 
36.10963501514589 
36.0972327560275 
36.12276137617538 
36.0972327560275 
36.12276137617538 
36.122753850911764 
36.12276137617538 
36.122753850911764 
36.12277915738649 
36.122753850911764 
36.122346530854585 
36.122346153774366 
36.122779157444334 
36.10963501514589 
36.10963501514589 
36.122778776081056 
36.0972327560275 
36.0972327560275 
36.12277877831768 
36.12276137617538 
36.12276137617538 
36.12278247539123 
36.122753850911764 
36.122753850911764 
36.122782541371414 
36.12277915738649 
36.122779157444334 
36.12212800407063 
36.122346153774366 
36.12212793699957 
36.0972327560275 
36.10963501514589 
36.0972327560275 
36.12276137617538 
36.0972327560275 
36.12276137617538 
36.122753850911764 
36.12276137617538 
36.122753850911764 
36.12277915738649 
36.122753850911764 
36.122346530854585 
36.122346153774366 
36.122779157444334 
36.10963501514589 
36.10963501514589 
36.122778776081056 
36.0972327560275 
36.0972327560275 
36.12277877831768 
36.12276137617538 
36.12276137617538 
36.12278247539123 
36.122753850911764 
36.122753850911764 
36.122782541371414 
36.12277915738649 
36.122779157444334 
36.12212800407063 
36.122346153774366 
36.12212793699957 
36.0972327560275 
36.10963501514589 
36.0972327560275 
36.12276137617538 
36.0972327560275 
36.12276137617538 
36.122753850911764 
36.12276137617538 
36.122753850911764 
36.12277915738649 
36.122753850911764 
36.122346530854585 
36.122346153774366 
36.122779157444334 
36.10963501514589 
36.10963501514589 
36.122778776081056 
36.0972327560275 
36.0972327560275 
36.12278247539123 
37.122786040292844 
36.122346153774366 
37.93362416915119 
37.93362936500375 
37.93362211516039 
37.44436200775196 
36.10963501514589 
37.933440692873454 
37.93374629162433 
36.12212800407063 
36.122346153774366 
37.93362416915119 
37.93362936500375 
37.93362211516039 
37.44436200775196 
36.10963501514589 
37.44469640859127 
37.93375370365849 
37.93375159630763 
37.933743275858816 
36.12277877831768 
37.444702171517186 
36.12212793699957 
37.919124537589 
36.122778776081056 
37.69928310541826 
36.12276137617538 
37.93361577560633 
36.122753850911764 
37.933501910056336 
37.93375577467812 
37.933748435300295 
37.926521064616615 
36.122779157444334 
36.12212800407063 
36.122346153774366 
37.93362416915119 
37.93362936500375 
37.93362211516039 
37.44436200775196 
36.10963501514589 
36.12278247539123 
37.12276394723 
37.93362625789873 
37.93363150823795 
37.93362827488729 
36.707721719055705 
37.12276923802327 
36.12277877831768 
37.444702171517186 
36.122753850911764 
37.43455128314558 
36.10963501514589 
37.93362725828461 
37.93362729317066 
37.93362416915119 
37.69928750558018 
36.0972327560275 
37.93362725828461 
37.93362729317066 
37.44453659255684 
36.10963501514589 
36.12276137617538 
37.44469640859127 
36.122778776081056 
37.69928310541826 
36.12276137617538 
36.12278247539123 
36.122753850911764 
36.122753850911764 
36.122782541371414 
36.12277915738649 
36.122779157444334 
36.12212800407063 
36.122346153774366 
36.12212793699957 
36.0972327560275 
36.10963501514589 
36.0972327560275 
36.12276137617538 
36.0972327560275 
36.12276137617538 
36.122753850911764 
36.12276137617538 
36.122753850911764 
36.12277915738649 
36.122753850911764 
36.122346530854585 
36.70744835365376 
36.12277877831768 
36.12276137617538 
36.12276137617538 
36.12278247539123 
36.122753850911764 
36.122753850911764 
36.122782541371414 
36.12277915738649 
36.122779157444334 
36.12212800407063 
36.122346153774366 
36.12212793699957 
36.0972327560275 
36.10963501514589 
36.0972327560275 
36.12276137617538 
36.0972327560275 
36.12276137617538 
36.122753850911764 
36.12276137617538 
37.93374422059658 
37.933628275403876 
37.93375163263589 
37.93375050630001 
36.12276137617538 
37.933748435300295 
37.93362827446413 
37.93375050630001 
37.92652108665232 
36.122753850911764 
37.93375366733028 
37.93374741791955 
37.93374741791955 
37.93362725828461 
37.93362729317066 
37.70775140512937 
36.0972327560275 
37.93375050630001 
37.933506069672006 
37.93362725828461 
36.122346530854585 
36.122346153774366 
36.122779157444334 
36.10963501514589 
36.10963501514589 
36.122778776081056 
36.0972327560275 
36.0972327560275 
36.12277877831768 
36.12276137617538 
36.12276137617538 
36.12278247539123 
36.122753850911764 
36.122753850911764 
36.122782541371414 
36.70773207892206 
36.12212793699957 
36.0972327560275 
36.10963501514589 
36.0972327560275 
37.70773634414251 
36.12276137617538 
36.122753850911764 
36.12277915738649 
36.122753850911764 
36.122346530854585 
36.122346153774366 
36.122779157444334 
36.10963501514589 
36.10963501514589 
36.122778776081056 
36.0972327560275 
36.0972327560275 
36.12277877831768 
36.12276137617538 
36.12276137617538 
36.12278247539123 
36.122753850911764 
36.122753850911764 
36.122782541371414 
36.12277915738649 
36.122779157444334 
36.12212800407063 
36.122346153774366 
36.12212793699957 
36.0972327560275 
36.10963501514589 
36.0972327560275 
36.12276137617538 
36.0972327560275 
36.12276137617538 
36.122753850911764 
36.12276137617538 
36.122753850911764 
36.12277915738649 
36.122753850911764 
36.122346530854585 
36.122346153774366 
36.122779157444334 
36.10963501514589 
36.10963501514589 
36.122778776081056 
36.0972327560275 
36.0972327560275 
36.12277877831768 
36.12276137617538 
36.12276137617538 
36.12278247539123 
36.122753850911764 
36.122753850911764 
36.122782541371414 
36.12277915738649 
36.122779157444334 
36.12212800407063 
36.122346153774366 
36.12212793699957 
36.0972327560275 
36.10963501514589 
36.0972327560275 
36.12276137617538 
36.0972327560275 
36.12276137617538 
36.122753850911764 
36.12276137617538 
36.122753850911764 
36.12277915738649 
36.122753850911764 
36.122346530854585 
36.122346153774366 
36.122779157444334 
36.10963501514589 
36.10963501514589 
36.122778776081056 
36.0972327560275 
36.0972327560275 
36.12277877831768 
36.12276137617538 
36.12276137617538 
36.12278247539123 
36.122753850911764 
37.93363150823795 
36.12276137617538 
37.933748435300295 
37.93362827446413 
37.93375050630001 
37.92652108665232 
36.122753850911764 
37.93362409698834 
37.93374843527282 
37.93362827488729 
36.12276137617538 
36.12278247539123 
36.122753850911764 
36.122753850911764 
36.122782541371414 
36.12277915738649 
36.122779157444334 
36.12212800407063 
36.122346153774366 
36.12212793699957 
36.0972327560275 
36.10963501514589 
36.0972327560275 
36.12276137617538 
36.0972327560275 
36.12276137617538 
36.122753850911764 
36.12276137617538 
37.12276965818314 
36.122346153774366 
36.122779157444334 
36.10963501514589 
36.10963501514589 
36.122778776081056 
36.0972327560275 
36.0972327560275 
36.12277877831768 
36.12276137617538 
36.12276137617538 
36.12278247539123 
36.122753850911764 
36.122753850911764 
36.122782541371414 
36.12277915738649 
36.122779157444334 
36.12212800407063 
36.122346153774366 
36.12212793699957 
36.0972327560275 
36.10963501514589 
36.0972327560275 
36.12276137617538 
36.0972327560275 
36.12276137617538 
36.122753850911764 
36.12276137617538 
36.122753850911764 
36.12277915738649 
36.122753850911764 
36.122346530854585 
36.122346153774366 
36.122779157444334 
36.10963501514589 
36.10963501514589 
36.122778776081056 
36.0972327560275 
36.0972327560275 
36.12277877831768 
36.12276137617538 
36.12276137617538 
36.12278247539123 
36.122753850911764 
36.122753850911764 
36.122782541371414 
36.12277915738649 
36.122779157444334 
36.12212800407063 
36.122346153774366 
36.12212793699957 
36.0972327560275 
36.10963501514589 
36.0972327560275 
36.12276137617538 
36.0972327560275 
36.12276137617538 
36.122753850911764 
36.12276137617538 
36.122753850911764 
36.12277915738649 
36.122753850911764 
36.122346530854585 
36.122346153774366 
36.122779157444334 
36.10963501514589 
36.10963501514589 
36.122778776081056 
36.0972327560275 
36.0972327560275 
36.12277877831768 
36.12276137617538 
36.12276137617538 
36.12278247539123 
36.122753850911764 
36.122753850911764 
36.122782541371414 
36.12277915738649 
36.122779157444334 
36.12212800407063 
36.122346153774366 
36.12212793699957 
37.93375050630001 
37.933506069672006 
37.93363150823795 
36.12276137617538 
37.933748435300295 
37.93362827446413 
37.93375050630001 
37.92652108665232 
36.122753850911764 
37.93362409698834 
36.122753850911764 
36.122346530854585 
36.122346153774366 
36.122779157444334 
36.10963501514589 
36.10963501514589 
36.122778776081056 
36.0972327560275 
36.0972327560275 
36.12277877831768 
36.12276137617538 
36.12276137617538 
36.12278247539123 
36.122753850911764 
36.122753850911764 
36.122782541371414 
36.12277915738649 
36.122779157444334 
36.12212800407063 
36.122346153774366 
36.12212793699957 
36.0972327560275 
36.10963501514589 
36.0972327560275 
36.12276137617538 
36.0972327560275 
36.12276137617538 
36.122753850911764 
36.12276137617538 
36.122753850911764 
36.12277915738649 
36.122753850911764 
36.122346530854585 
36.122346153774366 
36.122779157444334 
36.10963501514589 
36.10963501514589 
36.122778776081056 
36.0972327560275 
36.0972327560275 
36.12277877831768 
36.12276137617538 
36.12276137617538 
36.12278247539123 
36.122753850911764 
36.122753850911764 
36.122782541371414 
36.12277915738649 
36.122779157444334 
36.12212800407063 
36.122346153774366 
36.12212793699957 
36.0972327560275 
36.10963501514589 
36.0972327560275 
36.12276137617538 
36.0972327560275 
36.12276137617538 
36.122753850911764 
36.12276137617538 
36.122753850911764 
36.12277915738649 
36.122753850911764 
36.122346530854585 
36.122346153774366 
36.122779157444334 
36.10963501514589 
36.10963501514589 
36.122778776081056 
36.0972327560275 
36.0972327560275 
36.12277877831768 
36.12276137617538 
36.12276137617538 
36.12278247539123 
36.122753850911764 
36.122753850911764 
36.122782541371414 
36.12277915738649 
36.122779157444334 
36.12212800407063 
36.122346153774366 
36.12212793699957 
36.0972327560275 
36.10963501514589 
36.0972327560275 
36.12276137617538 
36.0972327560275 
36.12276137617538 
36.122753850911764 
36.12276137617538 
36.122753850911764 
36.12277915738649 
36.122753850911764 
36.122346530854585 
36.122346153774366 
36.122779157444334 
36.10963501514589 
36.10963501514589 
36.122778776081056 
37.93375370365849 
37.93362729317615 
37.93363150823795 
36.70746204337633 
36.70746204337633 
36.70746204337633 
36.70746204337633 
36.70746204337633 
37.44454165172842 
37.434276363719945 
37.70773880889983 
37.93362725828461 
37.93362827446413 
37.93375050630001 
37.92652108665232 
37.93375155997937 
37.93375577467812 
37.93375370365849 
37.93374741791955 
37.93375577467812 
37.933628275403876 
37.70775168135022 
36.122779157444334 
37.922760209462155 
37.93375370365849 
37.93374848976808 
37.93375577467812 
36.12212793699957 
37.699275710420416 
37.93375370365849 
37.93374738160766 
37.93375155997937 
37.93362932823276 
37.933622043464574 
37.933748398960965 
37.93375370365849 
36.70746204337633 
36.70746204337633 
36.70746204337633 
36.70746204337633 
36.70746204337633 
36.70746204337633 
37.44469686308379 
36.12276137617538 
37.69905266235283 
37.933748435300295 
36.707745602564046 
36.70773207892206 
37.93362211516039 
36.12278234794267 
37.93362625789873 
37.12255151252919 
36.122346153774366 
37.93362518708049 
37.933749488948195 
37.434276363719945 
37.93363150823795 
36.122753850911764 
37.933501910056336 
37.93375577467812 
37.933748435300295 
37.926521064616615 
36.122779157444334 
37.707378865251485 
37.122786040292844 
36.122346153774366 
37.93362416915119 
37.93362936500375 
37.93362211516039 
37.44436200775196 
36.10963501514589 
36.122778776081056 
37.69927690732484 
37.93375370365849 
37.933744311370994 
37.93375370365849 
36.0972327560275 
37.70773880889983 
37.93375366732479 
37.93375159630214 
37.933622097942624 
37.70774039878642 
37.93375163263589 
37.93374945263636 
37.926517988539274 
37.933497783625064 
37.93375366733028 
37.93374741791955 
37.93374741791955 
37.93362725828461 
37.93362729317066 
37.70775140512937 
37.93374843527282 
37.93362827488729 
37.9337463824041 
37.93375370365849 
36.707745602564046 
36.70773207892206 
37.93362211516039 
36.12278234794267 
37.93362625789873 
37.12255151252919 
36.10963501514589 
36.10963501514589 
36.122778776081056 
36.0972327560275 
36.0972327560275 
36.12277877831768 
36.12276137617538 
36.12276137617538 
36.12278247539123 
36.122753850911764 
36.122753850911764 
36.122782541371414 
36.12277915738649 
36.122779157444334 
36.12212800407063 
36.122346153774366 
36.12212793699957 
36.0972327560275 
36.10963501514589 
36.0972327560275 
36.12276137617538 
36.0972327560275 
36.12276137617538 
36.122753850911764 
36.12276137617538 
37.12276965818314 
36.122346153774366 
36.122779157444334 
36.10963501514589 
36.10963501514589 
36.122778776081056 
36.0972327560275 
36.0972327560275 
36.12277877831768 
36.12276137617538 
36.12276137617538 
36.12278247539123 
36.122753850911764 
36.122753850911764 
36.122782541371414 
36.12277915738649 
36.122779157444334 
36.12212800407063 
36.122346153774366 
36.12212793699957 
36.0972327560275 
36.10963501514589 
36.0972327560275 
36.12276137617538 
36.0972327560275 
36.12276137617538 
36.122753850911764 
36.12276137617538 
36.122753850911764 
36.12277915738649 
36.122753850911764 
36.122346530854585 
36.122346153774366 
36.122779157444334 
36.10963501514589 
36.10963501514589 
36.122778776081056 
36.0972327560275 
36.0972327560275 
36.12277877831768 
36.12276137617538 
36.12276137617538 
36.12278247539123 
36.122753850911764 
36.122753850911764 
36.122782541371414 
36.12277915738649 
36.122779157444334 
36.12212800407063 
36.122346153774366 
36.12212793699957 
36.0972327560275 
36.10963501514589 
36.0972327560275 
36.12276137617538 
36.0972327560275 
36.12276137617538 
36.122753850911764 
36.12276137617538 
36.122753850911764 
36.12277915738649 
36.122753850911764 
36.122346530854585 
36.122346153774366 
36.122779157444334 
36.10963501514589 
36.10963501514589 
36.122778776081056 
36.0972327560275 
36.0972327560275 
36.12277877831768 
36.12276137617538 
36.12276137617538 
36.12278247539123 
36.122753850911764 
36.0972327560275 
37.122567894937056 
36.122346153774366 
36.0972327560275 
37.44470069265715 
36.122779157444334 
37.69489378854548 
36.0972327560275 
36.12277877831768 
36.12276137617538 
37.44454165172842 
37.44469686308379 
36.12276137617538 
37.69905266235283 
37.933748435300295 
37.93375577467812 
37.93374848976808 
37.93375577467812 
37.93375163263589 
37.93375159630763 
37.93375050630001 
36.12276137617538 
36.12276137617538 
36.12278247539123 
36.122753850911764 
36.122753850911764 
36.122782541371414 
36.12277915738649 
36.122779157444334 
36.12212800407063 
36.122346153774366 
36.12212793699957 
36.0972327560275 
36.10963501514589 
36.0972327560275 
36.12276137617538 
36.0972327560275 
36.12276137617538 
36.122753850911764 
36.12276137617538 
36.122753850911764 
36.12277915738649 
36.122753850911764 
36.122346530854585 
36.122346153774366 
36.122779157444334 
36.10963501514589 
36.10963501514589 
36.122778776081056 
36.0972327560275 
36.0972327560275 
36.12277877831768 
36.12276137617538 
36.12276137617538 
36.12278247539123 
36.122753850911764 
36.122753850911764 
36.122782541371414 
36.12277915738649 
36.122779157444334 
36.12212800407063 
36.122346153774366 
36.12212793699957 
36.0972327560275 
36.10963501514589 
36.0972327560275 
36.12276137617538 
36.0972327560275 
36.12276137617538 
36.122753850911764 
36.12276137617538 
36.122753850911764 
36.12277915738649 
36.122753850911764 
36.122346530854585 
36.122346153774366 
36.122779157444334 
36.10963501514589 
36.10963501514589 
36.122778776081056 
36.0972327560275 
36.0972327560275 
36.12277877831768 
36.12276137617538 
36.12276137617538 
36.12278247539123 
36.122753850911764 
36.122753850911764 
36.122782541371414 
36.12277915738649 
36.122779157444334 
36.12212800407063 
36.122346153774366 
36.12212793699957 
36.0972327560275 
36.10963501514589 
36.0972327560275 
36.12276137617538 
36.0972327560275 
36.12276137617538 
36.122753850911764 
36.12276137617538 
36.122753850911764 
36.12277915738649 
36.122753850911764 
36.122346530854585 
36.122346153774366 
36.122779157444334 
36.10963501514589 
36.10963501514589 
36.122778776081056 
36.0972327560275 
36.0972327560275 
36.12277877831768 
36.12276137617538 
36.12276137617538 
36.12278247539123 
36.122753850911764 
36.122753850911764 
36.122782541371414 
36.12277915738649 
37.93375050630001 
37.933624150680444 
37.44471691948215 
36.10963501514589 
37.93362725828461 
37.93362729317066 
37.93362416915119 
37.69928750558018 
36.0972327560275 
37.93375159630214 
37.69928310541826 
36.12276137617538 
36.12278247539123 
36.122753850911764 
36.122753850911764 
36.122782541371414 
36.12277915738649 
36.122779157444334 
36.12212800407063 
36.122346153774366 
36.12212793699957 
36.0972327560275 
36.10963501514589 
36.0972327560275 
36.12276137617538 
36.0972327560275 
36.12276137617538 
36.122753850911764 
36.12276137617538 
36.122753850911764 
36.12277915738649 
36.122753850911764 
36.122346530854585 
36.122346153774366 
36.122779157444334 
36.10963501514589 
36.10963501514589 
36.122778776081056 
36.0972327560275 
36.0972327560275 
36.12277877831768 
36.12276137617538 
36.12276137617538 
36.12278247539123 
36.122753850911764 
36.122753850911764 
36.122782541371414 
36.12277915738649 
36.122779157444334 
36.12212800407063 
36.122346153774366 
36.12212793699957 
36.0972327560275 
36.10963501514589 
36.0972327560275 
36.12276137617538 
36.0972327560275 
36.12276137617538 
36.122753850911764 
36.12276137617538 
36.122753850911764 
36.12277915738649 
36.122753850911764 
36.122346530854585 
36.122346153774366 
36.122779157444334 
36.10963501514589 
36.10963501514589 
36.122778776081056 
36.0972327560275 
36.0972327560275 
36.12277877831768 
36.12276137617538 
36.12276137617538 
36.12278247539123 
36.122753850911764 
36.122753850911764 
36.122782541371414 
36.12277915738649 
36.122779157444334 
36.12212800407063 
36.122346153774366 
36.12212793699957 
36.0972327560275 
36.10963501514589 
36.0972327560275 
36.12276137617538 
36.0972327560275 
36.12276137617538 
36.122753850911764 
36.12276137617538 
36.122753850911764 
36.12277915738649 
36.122753850911764 
36.122346530854585 
36.122346153774366 
36.122779157444334 
36.10963501514589 
36.10963501514589 
36.122778776081056 
36.0972327560275 
36.0972327560275 
36.12277877831768 
36.12276137617538 
36.12276137617538 
36.12278247539123 
36.122753850911764 
36.122753850911764 
36.122782541371414 
36.12277915738649 
36.12276137617538 
36.12276137617538 
36.12278247539123 
36.122753850911764 
36.122753850911764 
36.122782541371414 
36.12277915738649 
36.122779157444334 
36.12212800407063 
36.122346153774366 
36.12212793699957 
36.0972327560275 
36.10963501514589 
36.0972327560275 
36.12276137617538 
36.0972327560275 
36.12276137617538 
36.122753850911764 
36.12276137617538 
36.122753850911764 
36.12277915738649 
36.122753850911764 
36.122346530854585 
36.122346153774366 
36.122779157444334 
36.10963501514589 
36.10963501514589 
36.122778776081056 
36.0972327560275 
36.0972327560275 
36.12277877831768 
36.12276137617538 
36.12276137617538 
36.12278247539123 
36.122753850911764 
36.122753850911764 
36.122782541371414 
36.12277915738649 
36.122779157444334 
36.12212800407063 
36.122346153774366 
36.12212793699957 
36.0972327560275 
36.10963501514589 
36.0972327560275 
36.12276137617538 
36.0972327560275 
36.12276137617538 
36.122753850911764 
36.12276137617538 
36.122753850911764 
36.12277915738649 
36.122753850911764 
36.122346530854585 
36.122346153774366 
36.122779157444334 
36.10963501514589 
36.10963501514589 
36.122778776081056 
37.69928310541826 
36.12276137617538 
36.12278247539123 
36.122753850911764 
36.122753850911764 
36.122782541371414 
36.12277915738649 
36.122779157444334 
36.12212800407063 
36.122346153774366 
36.12212793699957 
36.0972327560275 
36.10963501514589 
36.0972327560275 
36.12276137617538 
36.0972327560275 
36.12276137617538 
36.122753850911764 
36.12276137617538 
36.122753850911764 
36.12277915738649 
36.122753850911764 
36.122346530854585 
36.122346153774366 
36.122779157444334 
36.10963501514589 
36.10963501514589 
36.122778776081056 
36.0972327560275 
36.0972327560275 
36.12277877831768 
36.12276137617538 
36.12276137617538 
36.12278247539123 
36.122753850911764 
36.122753850911764 
36.122782541371414 
36.12277915738649 
36.122779157444334 
36.12212800407063 
36.122346153774366 
36.122753850911764 
36.122782541371414 
36.12277915738649 
36.122779157444334 
36.12212800407063 
36.122346153774366 
36.12212793699957 
36.0972327560275 
36.10963501514589 
36.0972327560275 
36.12276137617538 
36.0972327560275 
36.12276137617538 
36.122753850911764 
36.12276137617538 
36.122753850911764 
36.12277915738649 
36.122753850911764 
36.122346530854585 
36.70744835365376 
36.122778776081056 
36.0972327560275 
36.0972327560275 
36.12277877831768 
36.12276137617538 
36.12276137617538 
36.12278247539123 
36.122753850911764 
36.122753850911764 
36.122782541371414 
36.12277915738649 
36.122779157444334 
36.12212800407063 
36.122346153774366 
36.12212793699957 
36.0972327560275 
36.10963501514589 
36.0972327560275 
36.12276137617538 
36.0972327560275 
36.12276137617538 
36.122753850911764 
36.12276137617538 
36.122753850911764 
36.12277915738649 
36.122753850911764 
36.122346530854585 
36.122346153774366 
36.122779157444334 
36.10963501514589 
36.10963501514589 
36.122778776081056 
36.0972327560275 
36.0972327560275 
36.12277877831768 
36.12276137617538 
36.12276137617538 
36.12278247539123 
36.122753850911764 
36.122753850911764 
36.122782541371414 
36.12277915738649 
36.122779157444334 
36.12212800407063 
36.122346153774366 
36.12212793699957 
36.0972327560275 
36.10963501514589 
36.0972327560275 
36.12276137617538 
36.0972327560275 
36.12276137617538 
36.122753850911764 
36.12276137617538 
36.122753850911764 
36.12277915738649 
36.122753850911764 
36.122346530854585 
36.122346153774366 
36.122779157444334 
36.10963501514589 
36.10963501514589 
36.122778776081056 
36.0972327560275 
36.0972327560275 
36.12277877831768 
36.12276137617538 
36.12276137617538 
36.12278247539123 
36.122753850911764 
36.122753850911764 
36.122782541371414 
36.12277915738649 
36.122779157444334 
36.12212800407063 
36.122346153774366 
36.12212793699957 
36.0972327560275 
36.10963501514589 
36.0972327560275 
36.122779157444334 
36.10963501514589 
36.10963501514589 
36.122778776081056 
36.0972327560275 
36.0972327560275 
36.12277877831768 
36.12276137617538 
36.12276137617538 
36.12278247539123 
36.122753850911764 
36.122753850911764 
36.122782541371414 
36.12277915738649 
36.122779157444334 
36.12212800407063 
36.122346153774366 
36.12212793699957 
36.0972327560275 
36.10963501514589 
36.0972327560275 
36.12276137617538 
36.0972327560275 
36.12276137617538 
36.122753850911764 
36.12276137617538 
36.122753850911764 
36.12277915738649 
36.122753850911764 
36.122346530854585 
36.122346153774366 
36.122779157444334 
36.10963501514589 
36.10963501514589 
36.122778776081056 
36.0972327560275 
36.0972327560275 
36.12277877831768 
36.12276137617538 
36.12276137617538 
36.12278247539123 
36.122753850911764 
36.122753850911764 
36.122782541371414 
36.12277915738649 
36.122779157444334 
36.12212800407063 
36.122346153774366 
36.12212793699957 
36.0972327560275 
36.10963501514589 
36.0972327560275 
36.12276137617538 
36.0972327560275 
36.12276137617538 
36.122753850911764 
36.12276137617538 
36.122753850911764 
36.12277915738649 
36.122753850911764 
36.122346530854585 
36.122346153774366 
36.122779157444334 
36.10963501514589 
36.10963501514589 
36.122778776081056 
36.0972327560275 
36.0972327560275 
36.12277877831768 
36.12276137617538 
36.12276137617538 
36.12278247539123 
36.122753850911764 
36.122753850911764 
36.122782541371414 
36.12277915738649 
36.122779157444334 
36.12212800407063 
36.122346153774366 
36.12212793699957 
36.0972327560275 
36.10963501514589 
36.0972327560275 
36.12276137617538 
36.0972327560275 
36.12276137617538 
36.122753850911764 
36.12276137617538 
36.122753850911764 
36.12277915738649 
36.122753850911764 
36.122346530854585 
36.122346153774366 
36.122779157444334 
36.10963501514589 
36.10963501514589 
36.122778776081056 
36.0972327560275 
36.0972327560275 
36.12277877831768 
37.44469686308379 
36.12276137617538 
37.69905266235283 
37.933748435300295 
37.93375577467812 
37.93374848976808 
37.93375577467812 
37.93374741791955 
37.93375577467812 
37.93375163263589 
37.93375159630763 
37.93375050630001 
37.93362413247898 
37.93375577467812 
37.93362936437725 
37.93363150823795 
37.933626330237324 
37.933626330237324 
36.122753850911764 
36.122782541371414 
36.12277915738649 
36.122779157444334 
36.12212800407063 
36.122346153774366 
36.0972327560275 
37.70759338195728 
37.70774898288273 
36.0972327560275 
36.12278247539123 
36.122753850911764 
36.122753850911764 
36.122782541371414 
36.12277915738649 
36.122779157444334 
36.12212800407063 
36.122346153774366 
36.0972327560275 
37.70759338195728 
36.122753850911764 
36.122346530854585 
36.122346153774366 
36.122779157444334 
36.10963501514589 
36.10963501514589 
36.122778776081056 
36.0972327560275 
36.0972327560275 
36.12277877831768 
36.12276137617538 
36.12276137617538 
36.12278247539123 
36.122753850911764 
36.122753850911764 
36.122782541371414 
36.12277915738649 
36.122779157444334 
36.12212800407063 
36.122346153774366 
36.12212793699957 
36.0972327560275 
36.10963501514589 
36.0972327560275 
36.12276137617538 
36.0972327560275 
36.12276137617538 
36.122753850911764 
36.12276137617538 
36.122753850911764 
36.12277915738649 
36.122753850911764 
36.122346530854585 
36.122346153774366 
36.122779157444334 
36.10963501514589 
36.10963501514589 
36.122778776081056 
36.0972327560275 
36.0972327560275 
36.12277877831768 
36.12276137617538 
36.12276137617538 
36.12278247539123 
36.122753850911764 
36.122753850911764 
36.122782541371414 
36.12277915738649 
36.122779157444334 
36.12212800407063 
36.122346153774366 
36.12212793699957 
36.0972327560275 
36.10963501514589 
36.0972327560275 
36.12276137617538 
36.0972327560275 
36.12276137617538 
36.122753850911764 
36.12276137617538 
36.122753850911764 
36.12277915738649 
36.122753850911764 
36.122346530854585 
36.122346153774366 
36.122779157444334 
36.10963501514589 
36.10963501514589 
36.122778776081056 
36.0972327560275 
36.0972327560275 
36.12277877831768 
36.12276137617538 
36.12276137617538 
36.12278247539123 
36.122753850911764 
36.122753850911764 
36.122782541371414 
36.12277915738649 
36.122779157444334 
36.12212800407063 
36.122346153774366 
36.12212793699957 
36.0972327560275 
36.10963501514589 
36.0972327560275 
36.12276137617538 
36.0972327560275 
36.12276137617538 
36.122753850911764 
36.12276137617538 
36.122753850911764 
36.12277915738649 
36.122753850911764 
36.122346530854585 
36.122346153774366 
36.122779157444334 
36.10963501514589 
36.10963501514589 
36.122778776081056 
36.122753850911764 
36.122782541371414 
36.12277915738649 
36.122779157444334 
36.12212800407063 
36.122346153774366 
36.12212793699957 
36.0972327560275 
36.10963501514589 
36.0972327560275 
36.12276137617538 
36.0972327560275 
36.12276137617538 
36.122753850911764 
36.12276137617538 
36.122753850911764 
36.12277915738649 
36.122753850911764 
36.122346530854585 
36.122346153774366 
36.122779157444334 
36.10963501514589 
36.10963501514589 
36.122778776081056 
36.0972327560275 
36.0972327560275 
36.12277877831768 
36.12276137617538 
36.12276137617538 
36.12278247539123 
36.122753850911764 
36.122753850911764 
36.122782541371414 
36.12277915738649 
36.122779157444334 
36.12212800407063 
36.122346153774366 
36.12212793699957 
36.0972327560275 
36.10963501514589 
36.0972327560275 
36.12276137617538 
36.0972327560275 
36.12276137617538 
36.122753850911764 
36.12276137617538 
36.122753850911764 
36.12277915738649 
36.122753850911764 
36.122346530854585 
36.122346153774366 
36.122779157444334 
36.10963501514589 
36.10963501514589 
36.122778776081056 
36.0972327560275 
36.0972327560275 
36.12277877831768 
36.12276137617538 
36.12276137617538 
36.12278247539123 
36.122753850911764 
36.122753850911764 
36.122782541371414 
36.12277915738649 
36.122779157444334 
36.12212800407063 
36.122346153774366 
36.12212793699957 
36.0972327560275 
36.10963501514589 
36.0972327560275 
36.12276137617538 
36.0972327560275 
36.12276137617538 
36.122753850911764 
36.12276137617538 
36.122753850911764 
36.12277915738649 
36.122753850911764 
36.122346530854585 
36.122346153774366 
36.122779157444334 
36.10963501514589 
36.10963501514589 
36.122778776081056 
36.0972327560275 
36.0972327560275 
36.12277877831768 
36.12276137617538 
36.12276137617538 
36.12278247539123 
36.122753850911764 
36.122753850911764 
36.122782541371414 
36.12277915738649 
36.122779157444334 
36.12212800407063 
36.122346153774366 
36.12212793699957 
37.434276363719945 
37.93363150823795 
36.122753850911764 
37.933501910056336 
37.93375577467812 
37.933748435300295 
37.926521064616615 
36.122779157444334 
37.707378865251485 
36.707745602564046 
36.70773207892206 
37.93362211516039 
36.12278234794267 
37.93362625789873 
37.12255151252919 
36.122346153774366 
36.122779157444334 
37.922760209462155 
37.93375370365849 
37.93374848976808 
37.93375577467812 
36.12212793699957 
37.919250077541555 
37.93375159630214 
37.93375366733028 
37.93362211517138 
37.44470654210011 
37.93374738160766 
37.93362725828461 
37.93362729317066 
37.70775140512937 
36.0972327560275 
37.93375050630001 
37.933506069672006 
37.93362725828461 
37.92652113021564 
36.12276137617538 
36.10963501514589 
36.0972327560275 
36.12276137617538 
36.0972327560275 
36.12276137617538 
36.122753850911764 
36.12276137617538 
36.122753850911764 
36.12277915738649 
36.122753850911764 
36.122346530854585 
36.122346153774366 
36.122779157444334 
36.10963501514589 
36.10963501514589 
36.122778776081056 
36.0972327560275 
36.0972327560275 
36.12277877831768 
36.12276137617538 
36.12276137617538 
36.12278247539123 
36.122753850911764 
36.122753850911764 
36.122782541371414 
36.12277915738649 
36.122779157444334 
36.12212800407063 
36.122346153774366 
36.12212793699957 
36.0972327560275 
36.10963501514589 
36.0972327560275 
36.12276137617538 
36.0972327560275 
36.12276137617538 
36.122753850911764 
36.12276137617538 
36.122753850911764 
36.12277915738649 
36.122753850911764 
36.122346530854585 
36.122346153774366 
36.122779157444334 
36.10963501514589 
36.10963501514589 
36.122778776081056 
36.0972327560275 
36.0972327560275 
36.12277877831768 
36.12276137617538 
36.12276137617538 
36.12278247539123 
36.122753850911764 
36.122753850911764 
36.122782541371414 
36.12277915738649 
36.122779157444334 
36.12212800407063 
36.122346153774366 
36.12212793699957 
36.0972327560275 
36.10963501514589 
36.0972327560275 
36.12276137617538 
36.0972327560275 
36.12276137617538 
36.122753850911764 
36.12276137617538 
36.122753850911764 
36.12277915738649 
36.122753850911764 
36.122346530854585 
36.122346153774366 
36.122779157444334 
36.10963501514589 
36.10963501514589 
36.122778776081056 
36.0972327560275 
36.0972327560275 
36.12277877831768 
36.12276137617538 
36.12276137617538 
36.12278247539123 
36.122753850911764 
36.122753850911764 
36.122782541371414 
36.12277915738649 
36.122779157444334 
36.12212800407063 
36.122346153774366 
36.12212793699957 
36.0972327560275 
36.10963501514589 
36.0972327560275 
36.12276137617538 
36.0972327560275 
36.12276137617538 
36.122753850911764 
36.12276137617538 
37.93375370365849 
37.93362729317615 
37.93363150823795 
36.70746204337633 
36.70746204337633 
36.70746204337633 
36.70746204337633 
36.70746204337633 
37.44454165172842 
37.434276363719945 
37.70773880889983 
37.93362725828461 
37.93362827446413 
37.93375050630001 
37.92652108665232 
37.93375155997937 
37.93375577467812 
37.93375370365849 
37.93374741791955 
37.93375577467812 
37.933628275403876 
37.70775168135022 
36.122779157444334 
37.922760209462155 
37.93375370365849 
37.93374848976808 
37.93375370365849 
36.0972327560275 
37.444699213818744 
37.93375370365849 
37.93375163263589 
37.93375370365849 
37.93375370365849 
37.93375370365849 
37.93362729317066 
37.933747345284786 
37.93374741791955 
36.10963501514589 
36.10963501514589 
36.122778776081056 
36.0972327560275 
36.0972327560275 
36.12277877831768 
36.12276137617538 
36.12276137617538 
36.12278247539123 
36.122753850911764 
36.122753850911764 
36.122782541371414 
36.12277915738649 
36.122779157444334 
36.12212800407063 
36.122346153774366 
36.12212793699957 
36.0972327560275 
36.10963501514589 
36.0972327560275 
36.12276137617538 
36.0972327560275 
36.12276137617538 
36.122753850911764 
36.12276137617538 
37.12276965818314 
36.122346153774366 
36.122779157444334 
36.10963501514589 
36.10963501514589 
36.122778776081056 
36.0972327560275 
36.0972327560275 
36.12277877831768 
36.12276137617538 
36.12276137617538 
36.12278247539123 
36.122753850911764 
36.122753850911764 
36.122782541371414 
36.12277915738649 
36.122779157444334 
36.12212800407063 
36.122346153774366 
36.12212793699957 
36.0972327560275 
36.10963501514589 
36.0972327560275 
36.12276137617538 
36.0972327560275 
36.12276137617538 
36.122753850911764 
36.12276137617538 
36.122753850911764 
36.12277915738649 
36.122753850911764 
36.122346530854585 
36.122346153774366 
36.122779157444334 
36.10963501514589 
36.10963501514589 
36.122778776081056 
36.0972327560275 
36.0972327560275 
36.12277877831768 
36.12276137617538 
36.12276137617538 
36.12278247539123 
36.122753850911764 
36.122753850911764 
36.122782541371414 
36.12277915738649 
36.122779157444334 
36.12212800407063 
36.122346153774366 
36.12212793699957 
36.0972327560275 
36.10963501514589 
36.0972327560275 
36.12276137617538 
36.0972327560275 
36.12276137617538 
36.122753850911764 
36.12276137617538 
36.122753850911764 
36.12277915738649 
36.122753850911764 
36.122346530854585 
36.122346153774366 
36.122779157444334 
36.10963501514589 
36.10963501514589 
36.122778776081056 
36.0972327560275 
36.0972327560275 
36.12277877831768 
36.12276137617538 
36.12276137617538 
36.12278247539123 
36.122753850911764 
37.70760595201042 
37.93363143576223 
37.93375159630214 
37.93375050630001 
37.933624150680444 
37.44471691948215 
36.10963501514589 
37.93362725828461 
37.93362729317066 
37.93362416915119 
37.69928750558018 
37.93362936437725 
37.93363150823795 
37.933626330237324 
37.933626330237324 
37.93363143576223 
37.93375159630214 
37.93375050630001 
37.933624150680444 
37.44471691948215 
36.10963501514589 
36.12276137617538 
36.0972327560275 
36.12276137617538 
36.122753850911764 
36.12276137617538 
36.122753850911764 
36.12277915738649 
36.122753850911764 
36.122346530854585 
36.122346153774366 
36.122779157444334 
36.10963501514589 
36.10963501514589 
36.122778776081056 
36.0972327560275 
36.0972327560275 
36.12277877831768 
36.12276137617538 
36.12276137617538 
36.12278247539123 
36.122753850911764 
36.122753850911764 
36.122782541371414 
36.12277915738649 
36.122779157444334 
36.12212800407063 
36.122346153774366 
36.12212793699957 
36.0972327560275 
36.10963501514589 
36.0972327560275 
36.12276137617538 
36.0972327560275 
36.12276137617538 
36.122753850911764 
36.12276137617538 
36.122753850911764 
36.12277915738649 
36.122753850911764 
36.122346530854585 
36.122346153774366 
36.122779157444334 
36.10963501514589 
36.10963501514589 
36.122778776081056 
36.0972327560275 
36.0972327560275 
36.12277877831768 
36.12276137617538 
36.12276137617538 
36.12278247539123 
36.122753850911764 
36.122753850911764 
36.122782541371414 
36.12277915738649 
36.122779157444334 
36.12212800407063 
36.122346153774366 
36.12212793699957 
36.0972327560275 
36.10963501514589 
36.0972327560275 
36.12276137617538 
36.0972327560275 
36.12276137617538 
36.122753850911764 
36.12276137617538 
36.122753850911764 
36.12277915738649 
36.122753850911764 
36.122346530854585 
36.122346153774366 
36.122779157444334 
36.10963501514589 
36.10963501514589 
36.122778776081056 
36.0972327560275 
36.0972327560275 
36.12277877831768 
36.12276137617538 
36.12276137617538 
36.12278247539123 
36.122753850911764 
36.122753850911764 
36.122782541371414 
36.12277915738649 
36.122779157444334 
36.12212800407063 
36.122346153774366 
36.12212793699957 
36.0972327560275 
36.10963501514589 
36.0972327560275 
36.12276137617538 
36.0972327560275 
36.12276137617538 
36.122753850911764 
36.12276137617538 
36.122753850911764 
36.12277915738649 
37.93375159630763 
37.93375050630001 
37.93362413247898 
37.93375577467812 
37.93362936437725 
37.93363150823795 
37.933626330237324 
37.933626330237324 
37.93363143576223 
37.93375159630214 
36.12212793699957 
36.0972327560275 
36.10963501514589 
36.0972327560275 
36.12276137617538 
36.0972327560275 
36.12276137617538 
36.122753850911764 
36.12276137617538 
36.122753850911764 
36.12277915738649 
36.122753850911764 
36.122346530854585 
36.122346153774366 
36.122779157444334 
36.10963501514589 
36.10963501514589 
36.122778776081056 
36.0972327560275 
36.0972327560275 
36.12277877831768 
36.12276137617538 
36.12276137617538 
36.12278247539123 
36.122753850911764 
36.122753850911764 
36.122782541371414 
36.12277915738649 
36.122779157444334 
36.12212800407063 
36.122346153774366 
36.12212793699957 
36.0972327560275 
36.10963501514589 
36.0972327560275 
36.12276137617538 
36.0972327560275 
36.12276137617538 
36.122753850911764 
36.12276137617538 
36.122753850911764 
36.12277915738649 
36.122753850911764 
36.122346530854585 
36.122346153774366 
36.122779157444334 
36.10963501514589 
36.10963501514589 
36.122778776081056 
36.0972327560275 
36.0972327560275 
36.12277877831768 
36.12276137617538 
36.12276137617538 
36.12278247539123 
36.122753850911764 
36.122753850911764 
36.122782541371414 
36.12277915738649 
36.122779157444334 
36.12212800407063 
36.122346153774366 
36.12212793699957 
36.0972327560275 
36.10963501514589 
36.0972327560275 
36.12276137617538 
36.0972327560275 
36.12276137617538 
36.122753850911764 
36.12276137617538 
36.122753850911764 
36.12277915738649 
36.122753850911764 
36.122346530854585 
36.122346153774366 
36.122779157444334 
36.10963501514589 
36.10963501514589 
36.122778776081056 
36.0972327560275 
36.0972327560275 
36.12277877831768 
36.12276137617538 
36.12276137617538 
36.12278247539123 
36.122753850911764 
36.122753850911764 
36.122782541371414 
36.12277915738649 
36.122779157444334 
36.12212800407063 
36.122346153774366 
36.12212793699957 
36.0972327560275 
36.10963501514589 
36.0972327560275 
36.12276137617538 
36.0972327560275 
36.12276137617538 
36.70746204337633 
36.70746204337633 
36.70746204337633 
36.70746204337633 
37.44469686308379 
36.12276137617538 
37.69905266235283 
37.933748435300295 
37.93375577467812 
37.93374848976808 
36.122753850911764 
36.12277915738649 
36.122753850911764 
36.122346530854585 
36.122346153774366 
36.122779157444334 
36.10963501514589 
36.10963501514589 
36.122778776081056 
36.0972327560275 
36.0972327560275 
36.12277877831768 
36.12276137617538 
36.12276137617538 
36.12278247539123 
36.122753850911764 
36.122753850911764 
36.122782541371414 
36.12277915738649 
36.122779157444334 
36.12212800407063 
36.122346153774366 
36.12212793699957 
36.0972327560275 
36.10963501514589 
36.0972327560275 
36.12276137617538 
36.0972327560275 
36.12276137617538 
36.122753850911764 
36.12276137617538 
36.122753850911764 
36.12277915738649 
36.122753850911764 
36.122346530854585 
36.122346153774366 
36.122779157444334 
36.10963501514589 
36.10963501514589 
36.122778776081056 
36.0972327560275 
36.0972327560275 
36.12277877831768 
36.12276137617538 
36.12276137617538 
36.12278247539123 
36.122753850911764 
36.122753850911764 
36.122782541371414 
36.12277915738649 
36.122779157444334 
36.12212800407063 
36.122346153774366 
36.12212793699957 
36.0972327560275 
36.10963501514589 
36.0972327560275 
36.12276137617538 
36.0972327560275 
36.12276137617538 
36.122753850911764 
36.12276137617538 
36.122753850911764 
36.12277915738649 
36.122753850911764 
36.122346530854585 
36.122346153774366 
36.122779157444334 
36.10963501514589 
36.10963501514589 
36.122778776081056 
36.0972327560275 
36.0972327560275 
36.12277877831768 
36.12276137617538 
36.12276137617538 
36.12278247539123 
36.122753850911764 
36.122753850911764 
36.122782541371414 
36.12277915738649 
36.122779157444334 
36.12212800407063 
36.122346153774366 
36.12212793699957 
36.0972327560275 
36.10963501514589 
36.0972327560275 
36.12276137617538 
36.0972327560275 
36.12276137617538 
36.122753850911764 
36.12276137617538 
36.122753850911764 
36.12277915738649 
36.122753850911764 
36.122346530854585 
36.122346153774366 
36.122779157444334 
36.10963501514589 
37.93375050630001 
37.92652108665232 
36.122753850911764 
37.93362409698834 
37.93374843527282 
37.93362827488729 
37.9337463824041 
37.93375370365849 
36.707745602564046 
36.70773207892206 
37.44469686308379 
36.12276137617538 
37.69905266235283 
37.933748435300295 
37.93375577467812 
37.93374848976808 
37.93375577467812 
37.93375163263589 
37.93375159630763 
37.93375050630001 
36.12277915738649 
36.122753850911764 
36.122346530854585 
36.122346153774366 
36.122779157444334 
36.10963501514589 
36.10963501514589 
36.122778776081056 
36.0972327560275 
36.0972327560275 
36.12277877831768 
36.12276137617538 
36.12276137617538 
36.12278247539123 
36.122753850911764 
36.122753850911764 
36.122782541371414 
36.12277915738649 
36.122779157444334 
36.12212800407063 
36.122346153774366 
36.12212793699957 
36.0972327560275 
36.10963501514589 
36.0972327560275 
36.12276137617538 
36.0972327560275 
36.12276137617538 
36.122753850911764 
36.12276137617538 
36.122753850911764 
36.12277915738649 
36.122753850911764 
36.122346530854585 
36.122346153774366 
36.122779157444334 
36.10963501514589 
36.10963501514589 
36.122778776081056 
36.0972327560275 
36.0972327560275 
36.12277877831768 
36.12276137617538 
36.12276137617538 
36.12278247539123 
36.122753850911764 
36.122753850911764 
36.122782541371414 
36.12277915738649 
36.122779157444334 
36.12212800407063 
36.122346153774366 
36.12212793699957 
36.0972327560275 
36.10963501514589 
36.0972327560275 
36.12276137617538 
36.0972327560275 
36.12276137617538 
36.122753850911764 
36.12276137617538 
36.122753850911764 
36.12277915738649 
36.122753850911764 
36.122346530854585 
36.122346153774366 
36.122779157444334 
36.10963501514589 
36.10963501514589 
36.122778776081056 
36.0972327560275 
36.0972327560275 
36.12277877831768 
36.12276137617538 
36.12276137617538 
36.12278247539123 
36.122753850911764 
36.122753850911764 
36.122782541371414 
36.12277915738649 
36.122779157444334 
36.12212800407063 
36.122346153774366 
36.12212793699957 
36.0972327560275 
36.10963501514589 
36.0972327560275 
36.12276137617538 
36.0972327560275 
36.12276137617538 
36.122753850911764 
36.12276137617538 
36.122753850911764 
36.12277915738649 
36.122753850911764 
36.122346530854585 
36.122346153774366 
36.122779157444334 
36.10963501514589 
36.10963501514589 
36.0972327560275 
36.10963501514589 
36.0972327560275 
36.12276137617538 
36.0972327560275 
36.12276137617538 
36.122753850911764 
36.12276137617538 
36.122753850911764 
36.12277915738649 
36.122753850911764 
36.122346530854585 
36.122346153774366 
36.122779157444334 
36.10963501514589 
36.10963501514589 
36.122778776081056 
36.0972327560275 
36.0972327560275 
36.12277877831768 
36.12276137617538 
36.12276137617538 
36.12278247539123 
36.122753850911764 
36.122753850911764 
36.122782541371414 
36.12277915738649 
36.122779157444334 
36.12212800407063 
36.122346153774366 
36.12212793699957 
36.0972327560275 
36.10963501514589 
36.0972327560275 
36.12276137617538 
36.0972327560275 
36.12276137617538 
36.122753850911764 
36.12276137617538 
36.122753850911764 
36.12277915738649 
36.122753850911764 
36.122346530854585 
36.122346153774366 
36.122779157444334 
36.10963501514589 
36.10963501514589 
36.122778776081056 
36.0972327560275 
36.0972327560275 
36.12277877831768 
36.12276137617538 
36.12276137617538 
36.12278247539123 
36.122753850911764 
36.122753850911764 
36.122782541371414 
36.12277915738649 
36.122779157444334 
36.12212800407063 
36.122346153774366 
36.12212793699957 
36.0972327560275 
36.10963501514589 
36.12276137617538 
36.122753850911764 
36.12276137617538 
36.122753850911764 
36.12277915738649 
36.122753850911764 
36.122346530854585 
36.122346153774366 
36.122779157444334 
36.10963501514589 
36.10963501514589 
36.122778776081056 
36.0972327560275 
36.0972327560275 
36.12277877831768 
36.12276137617538 
36.12276137617538 
36.12278247539123 
36.122753850911764 
36.122753850911764 
36.122782541371414 
36.12277915738649 
36.122779157444334 
36.12212800407063 
36.122346153774366 
36.12212793699957 
36.0972327560275 
36.10963501514589 
36.0972327560275 
36.12276137617538 
36.0972327560275 
36.12276137617538 
36.122753850911764 
36.12276137617538 
36.122753850911764 
36.12277915738649 
37.933750506311 
37.93375370365849 
37.93375163263589 
37.93374945263636 
37.926517988539274 
37.933497783625064 
37.93375366733028 
37.93374741791955 
37.93374741791955 
37.93362725828461 
36.70746204337633 
36.70746204337633 
37.44469686308379 
36.12276137617538 
37.69905266235283 
37.933748435300295 
37.93375577467812 
37.93374848976808 
37.93375577467812 
37.93375163263589 
37.44471691948215 
36.10963501514589 
37.93362725828461 
37.93362729317066 
37.93362416915119 
37.69928750558018 
36.0972327560275 
37.93375159630214 
37.933749488948195 
37.93375050630001 
37.933506069672006 
37.93363150823795 
36.12276137617538 
37.933748435300295 
37.93362827446413 
37.93375050630001 
37.92652108665232 
36.122753850911764 
37.93362409698834 
37.93375577467812 
37.93374848976808 
37.93375577467812 
37.93374741791955 
37.93375163263589 
37.93375370365849 
37.93374422059658 
37.933628275403876 
37.93375163263589 
37.93375050630001 
37.44471691948215 
36.10963501514589 
37.93362725828461 
37.93362729317066 
37.93362416915119 
37.69928750558018 
36.0972327560275 
37.93375159630214 
37.933749488948195 
36.122753850911764 
36.12277915738649 
36.122753850911764 
36.122346530854585 
36.122346153774366 
36.122779157444334 
36.10963501514589 
36.10963501514589 
36.122778776081056 
36.0972327560275 
36.0972327560275 
36.12277877831768 
36.12276137617538 
36.12276137617538 
36.12278247539123 
36.122753850911764 
36.122753850911764 
36.122782541371414 
36.12277915738649 
36.122779157444334 
36.12212800407063 
36.122346153774366 
36.12212793699957 
36.0972327560275 
36.10963501514589 
36.0972327560275 
36.12276137617538 
36.0972327560275 
36.12276137617538 
36.122753850911764 
36.12276137617538 
36.122753850911764 
36.12277915738649 
36.122753850911764 
36.122346530854585 
36.122346153774366 
36.122779157444334 
36.10963501514589 
36.10963501514589 
36.122778776081056 
36.0972327560275 
36.0972327560275 
36.12277877831768 
36.12276137617538 
36.12276137617538 
36.12278247539123 
36.122753850911764 
36.122753850911764 
36.122782541371414 
36.12277915738649 
36.122779157444334 
36.12212800407063 
36.122346153774366 
36.12212793699957 
36.0972327560275 
36.10963501514589 
36.0972327560275 
36.12276137617538 
36.0972327560275 
36.12276137617538 
36.122753850911764 
36.12276137617538 
36.122753850911764 
36.12277915738649 
36.122753850911764 
36.122346530854585 
36.122346153774366 
36.122779157444334 
36.10963501514589 
36.10963501514589 
36.122778776081056 
36.0972327560275 
36.0972327560275 
36.12277877831768 
36.12276137617538 
36.12276137617538 
36.12278247539123 
36.122753850911764 
36.122753850911764 
36.122782541371414 
36.12277915738649 
36.122779157444334 
36.12212800407063 
36.122346153774366 
36.12212793699957 
36.0972327560275 
36.10963501514589 
36.0972327560275 
36.12276137617538 
36.0972327560275 
36.12276137617538 
36.122753850911764 
36.12276137617538 
36.122753850911764 
36.12277915738649 
36.122753850911764 
36.122346530854585 
36.122346153774366 
36.122779157444334 
36.10963501514589 
36.10963501514589 
36.0972327560275 
36.12276137617538 
36.0972327560275 
36.12276137617538 
36.122753850911764 
36.12276137617538 
36.122753850911764 
36.12277915738649 
36.122753850911764 
36.122346530854585 
36.122346153774366 
36.122779157444334 
36.10963501514589 
36.10963501514589 
36.122778776081056 
36.0972327560275 
36.0972327560275 
36.12277877831768 
36.12276137617538 
36.12276137617538 
36.12278247539123 
36.122753850911764 
36.122753850911764 
36.122782541371414 
36.12277915738649 
36.122779157444334 
36.12212800407063 
36.122346153774366 
36.12212793699957 
36.0972327560275 
36.10963501514589 
36.0972327560275 
36.12276137617538 
36.0972327560275 
36.12276137617538 
36.122753850911764 
36.12276137617538 
36.122753850911764 
36.12277915738649 
36.122753850911764 
36.12234978825192 
36.10963501514589 
36.122778776081056 
36.0972327560275 
36.0972327560275 
36.12277877831768 
36.12276137617538 
36.12276137617538 
36.12278247539123 
36.122753850911764 
36.122753850911764 
36.122782541371414 
36.12277915738649 
36.122779157444334 
36.12212800407063 
36.122346153774366 
36.12212793699957 
36.0972327560275 
36.10963501514589 
36.0972327560275 
36.12276137617538 
36.0972327560275 
36.12276137617538 
36.122753850911764 
36.12276137617538 
36.122753850911764 
36.12277915738649 
36.122753850911764 
36.122346530854585 
36.122346153774366 
36.122779157444334 
36.10963501514589 
36.10963501514589 
36.122778776081056 
36.0972327560275 
36.0972327560275 
36.12277877831768 
36.12276137617538 
36.12276137617538 
36.707745602564046 
36.12277915738649 
36.122779157444334 
36.12212800407063 
36.122346153774366 
36.12212793699957 
36.0972327560275 
36.10963501514589 
36.0972327560275 
36.12276137617538 
36.0972327560275 
36.12276137617538 
36.122753850911764 
36.12276137617538 
36.122753850911764 
36.12277915738649 
36.122753850911764 
36.122346530854585 
36.122346153774366 
36.122779157444334 
