43.98304159998623 
43.983253792498424 
43.982406121054794 
43.97687573788532 
43.982881158396175 
43.78703013341823 
41.979161822055325 
43.9826164055297 
43.97676830430599 
43.97650225129262 
43.97650148446609 
43.97682889011701 
43.97666758196245 
43.29663478947657 
41.979169787583054 
42.96722533066907 
41.95403356896171 
41.979169787583054 
43.3016551806622 
41.979565868567036 
43.98282852394926 
43.98309337479596 
43.982934613352676 
43.97671899071688 
43.78719426859576 
43.97004906906694 
43.98325377083564 
43.98293836700544 
43.98293836700544 
43.97650148446609 
41.979580094509444 
41.9795658706721 
41.979580094509444 
41.95403356896171 
41.95403356896171 
41.979565868567036 
41.95426704129564 
41.95426704129564 
41.97956599174098 
41.979169787583054 
41.979169787583054 
41.97978019521798 
41.979161822055325 
41.979161822055325 
41.97977639456188 
41.979580096633114 
41.979580094509444 
41.978918298432234 
41.9795658706721 
41.97892193835802 
41.95426704129564 
41.95403356896171 
41.95426704129564 
41.979169787583054 
41.95426704129564 
41.979169787583054 
41.979161822055325 
41.979169787583054 
41.979161822055325 
41.979580096633114 
41.979161822055325 
41.979580094509444 
41.9795658706721 
41.979580094509444 
41.95403356896171 
41.95403356896171 
41.979565868567036 
41.95426704129564 
41.95426704129564 
41.97956599174098 
41.979169787583054 
41.979169787583054 
41.97978019521798 
41.979161822055325 
41.979161822055325 
41.97977639456188 
41.979580096633114 
41.979580094509444 
41.978918298432234 
41.9795658706721 
41.97892193835802 
41.95426704129564 
41.95403356896171 
41.95426704129564 
41.979169787583054 
41.95426704129564 
41.979169787583054 
41.979161822055325 
41.979169787583054 
41.979161822055325 
41.979580096633114 
41.979161822055325 
41.979580094509444 
41.9795658706721 
41.979580094509444 
41.95403356896171 
41.95403356896171 
41.979565868567036 
41.95426704129564 
41.95426704129564 
41.97956599174098 
41.979169787583054 
41.979169787583054 
41.97978019521798 
41.979161822055325 
41.979161822055325 
41.97977639456188 
41.979580096633114 
41.979580094509444 
41.978918298432234 
41.9795658706721 
41.97892193835802 
41.95426704129564 
41.95403356896171 
41.95426704129564 
41.979169787583054 
41.95426704129564 
41.979169787583054 
41.979161822055325 
41.979169787583054 
41.979161822055325 
41.979580096633114 
41.979161822055325 
41.979580094509444 
41.9795658706721 
41.979580094509444 
41.95403356896171 
41.95403356896171 
41.979565868567036 
41.95426704129564 
41.979161822055325 
41.979580096633114 
41.979161822055325 
41.979580094509444 
41.9795658706721 
41.979580094509444 
41.95403356896171 
41.95403356896171 
41.979565868567036 
41.95426704129564 
41.95426704129564 
41.97956599174098 
41.979169787583054 
41.979169787583054 
41.97978019521798 
41.979161822055325 
41.979161822055325 
41.97977639456188 
41.979580096633114 
41.979580094509444 
41.978918298432234 
41.9795658706721 
41.97892193835802 
41.95426704129564 
41.95403356896171 
41.95426704129564 
41.979169787583054 
41.95426704129564 
41.979169787583054 
41.979161822055325 
41.979169787583054 
41.979161822055325 
41.979580096633114 
41.979161822055325 
41.979580094509444 
41.9795658706721 
41.979580094509444 
41.95403356896171 
41.95403356896171 
41.979565868567036 
41.95426704129564 
41.95426704129564 
41.97956599174098 
41.979169787583054 
41.979169787583054 
41.97978019521798 
41.979161822055325 
41.979161822055325 
41.97977639456188 
41.979580096633114 
41.979580094509444 
41.978918298432234 
41.9795658706721 
41.97892193835802 
41.95426704129564 
41.95403356896171 
41.95426704129564 
41.979169787583054 
41.95426704129564 
41.979169787583054 
41.979161822055325 
41.979169787583054 
41.979161822055325 
41.979580096633114 
41.979161822055325 
41.979580094509444 
42.979445911399 
41.979565868567036 
41.95426704129564 
41.95426704129564 
41.97956599174098 
41.979169787583054 
41.979169787583054 
41.97978019521798 
41.979161822055325 
41.979161822055325 
41.97977639456188 
41.979580096633114 
41.979580094509444 
41.978918298432234 
41.9795658706721 
41.97892193835802 
41.95426704129564 
41.95403356896171 
41.95426704129564 
41.979169787583054 
41.95426704129564 
41.979169787583054 
41.979161822055325 
41.979169787583054 
41.979161822055325 
41.979580096633114 
41.979161822055325 
41.979580094509444 
41.9795658706721 
41.979580094509444 
41.95403356896171 
41.95403356896171 
41.979565868567036 
41.95426704129564 
41.97978019521798 
41.979161822055325 
41.979161822055325 
41.97977639456188 
41.979580096633114 
41.979580094509444 
41.978918298432234 
41.9795658706721 
41.97892193835802 
41.95426704129564 
41.95403356896171 
41.95426704129564 
41.979169787583054 
41.95426704129564 
41.979169787583054 
41.979161822055325 
41.979169787583054 
41.979161822055325 
41.979580096633114 
41.979161822055325 
41.979580094509444 
41.9795658706721 
41.979580094509444 
41.95403356896171 
41.95403356896171 
41.979565868567036 
41.95426704129564 
41.95426704129564 
41.97956599174098 
41.979169787583054 
41.979169787583054 
41.97978019521798 
41.979161822055325 
41.979161822055325 
41.97977639456188 
41.979580096633114 
41.979580094509444 
41.978918298432234 
42.56470537709693 
41.95426704129564 
41.979169787583054 
41.95426704129564 
41.979169787583054 
41.979161822055325 
41.979169787583054 
41.979161822055325 
41.979580096633114 
41.979161822055325 
41.979580094509444 
41.9795658706721 
41.979580094509444 
41.95403356896171 
41.95403356896171 
41.979565868567036 
41.95426704129564 
41.95426704129564 
41.97956599174098 
41.979169787583054 
41.979169787583054 
41.97978019521798 
41.979161822055325 
41.979161822055325 
41.97977639456188 
41.979580096633114 
41.979580094509444 
41.978918298432234 
41.9795658706721 
41.97892193835802 
41.95426704129564 
41.95403356896171 
41.95426704129564 
41.979169787583054 
41.95426704129564 
41.979169787583054 
41.979161822055325 
41.979169787583054 
41.979161822055325 
41.979580096633114 
41.979161822055325 
41.979580094509444 
41.9795658706721 
41.979580094509444 
41.95403356896171 
41.95403356896171 
41.979565868567036 
41.95426704129564 
41.95426704129564 
41.97956599174098 
41.979169787583054 
41.979169787583054 
41.97978019521798 
41.979161822055325 
41.979161822055325 
41.97977639456188 
41.979580096633114 
41.979580094509444 
41.978918298432234 
41.9795658706721 
41.97892193835802 
41.95426704129564 
41.979580094509444 
43.97634211958996 
43.98299095689051 
43.97671635654697 
43.982725299695595 
43.98325376836236 
42.98003512701632 
41.95403356896171 
43.97666758196245 
43.976822884028216 
41.97956599174098 
43.564375179516574 
43.98309337479596 
43.98278061590506 
43.98325376836236 
41.979169787583054 
43.564656066373125 
43.56463704075329 
43.78751510146555 
43.98288125192599 
43.983148625051754 
43.982935633656346 
43.97639944418475 
43.98335893802403 
43.97671539939737 
43.976928020194684 
43.976772424349384 
43.976772424349384 
43.98293836700544 
43.97650148446609 
43.97682889011701 
43.564899036165066 
41.979169787583054 
43.97650225129262 
43.97068551349213 
43.97650148446609 
43.56079781900656 
41.979161822055325 
43.98335893802403 
43.9829908857437 
43.78751510146555 
43.98288125192599 
43.983148625051754 
43.982935633656346 
43.97639944418475 
43.98335893802403 
43.97671539939737 
43.976928020194684 
42.97288294321511 
41.95426704129564 
43.97650148446609 
43.97682889011701 
43.97666758196245 
43.29663478947657 
41.979169787583054 
42.96722533066907 
41.95403356896171 
41.979169787583054 
41.979161822055325 
41.979169787583054 
41.979161822055325 
41.979580096633114 
41.979161822055325 
41.979580094509444 
41.9795658706721 
41.979580094509444 
41.95403356896171 
41.95403356896171 
41.979565868567036 
41.95426704129564 
41.95426704129564 
41.97956599174098 
41.979169787583054 
41.979169787583054 
41.97978019521798 
41.979161822055325 
41.979161822055325 
41.97977639456188 
41.979580096633114 
41.979580094509444 
41.978918298432234 
41.9795658706721 
41.97892193835802 
41.95426704129564 
41.95403356896171 
41.95426704129564 
41.979169787583054 
41.95426704129564 
41.979169787583054 
41.979161822055325 
41.979169787583054 
41.979161822055325 
41.979580096633114 
41.979161822055325 
42.97919372791765 
41.95403356896171 
41.979565868567036 
41.95426704129564 
41.95426704129564 
41.97956599174098 
41.979169787583054 
41.979169787583054 
41.97978019521798 
41.979161822055325 
41.979161822055325 
41.97977639456188 
41.979580096633114 
41.979580094509444 
41.978918298432234 
41.9795658706721 
41.97892193835802 
41.95426704129564 
41.95403356896171 
41.95426704129564 
41.979169787583054 
41.95426704129564 
41.979169787583054 
41.979161822055325 
41.979169787583054 
41.979161822055325 
41.979580096633114 
41.979161822055325 
41.979580094509444 
41.9795658706721 
41.979580094509444 
41.95403356896171 
41.95403356896171 
41.979565868567036 
41.95426704129564 
41.95426704129564 
41.97956599174098 
41.979169787583054 
41.979169787583054 
41.97978019521798 
41.979161822055325 
41.979161822055325 
41.97977639456188 
41.979580096633114 
41.979580094509444 
41.978918298432234 
41.9795658706721 
41.97892193835802 
41.95426704129564 
41.95403356896171 
41.95426704129564 
41.979169787583054 
41.95426704129564 
41.979169787583054 
41.979161822055325 
41.979169787583054 
41.979161822055325 
41.979580096633114 
41.979161822055325 
41.979580094509444 
41.9795658706721 
41.979580094509444 
41.95403356896171 
41.95403356896171 
43.982881158396175 
43.78703013341823 
41.979161822055325 
43.9826164055297 
43.97676830430599 
43.97650225129262 
43.78728916308759 
41.979580094509444 
43.9763428017132 
43.97676830430599 
41.979580096633114 
41.979161822055325 
41.979580094509444 
41.9795658706721 
41.979580094509444 
41.95403356896171 
41.95403356896171 
41.979565868567036 
41.95426704129564 
41.95426704129564 
41.97956599174098 
41.979169787583054 
41.979169787583054 
41.97978019521798 
41.979161822055325 
41.979161822055325 
41.97977639456188 
41.979580096633114 
41.979580094509444 
41.978918298432234 
41.9795658706721 
41.97892193835802 
41.95426704129564 
41.95403356896171 
41.95426704129564 
41.979169787583054 
41.95426704129564 
41.979169787583054 
41.979161822055325 
41.979169787583054 
41.979161822055325 
41.979580096633114 
41.979161822055325 
41.979580094509444 
41.9795658706721 
41.979580094509444 
41.95403356896171 
41.95403356896171 
41.979565868567036 
41.95426704129564 
41.95426704129564 
41.97956599174098 
41.979169787583054 
41.979169787583054 
41.97978019521798 
41.979161822055325 
41.979161822055325 
41.97977639456188 
41.979580096633114 
41.979580094509444 
41.978918298432234 
41.9795658706721 
41.97892193835802 
41.95426704129564 
41.95403356896171 
41.95426704129564 
41.979169787583054 
41.95426704129564 
41.979169787583054 
41.979161822055325 
41.979169787583054 
41.979161822055325 
41.979580096633114 
41.979161822055325 
41.979580094509444 
41.9795658706721 
41.979580094509444 
41.95403356896171 
41.95403356896171 
41.979565868567036 
41.95426704129564 
41.95426704129564 
41.97956599174098 
41.979169787583054 
41.979169787583054 
41.97978019521798 
41.979161822055325 
41.979161822055325 
41.97977639456188 
41.979580096633114 
41.979580094509444 
41.978918298432234 
41.9795658706721 
41.97892193835802 
41.95426704129564 
41.95403356896171 
41.95426704129564 
41.979169787583054 
41.95426704129564 
41.979169787583054 
41.979161822055325 
41.979169787583054 
41.979161822055325 
41.979580096633114 
41.979161822055325 
41.979580094509444 
41.9795658706721 
41.979580094509444 
41.95403356896171 
41.95403356896171 
41.979580094509444 
41.9795658706721 
41.979580094509444 
41.95403356896171 
41.95403356896171 
41.979565868567036 
41.95426704129564 
41.95426704129564 
41.97956599174098 
41.979169787583054 
41.979169787583054 
41.97978019521798 
41.979161822055325 
41.979161822055325 
41.97977639456188 
41.979580096633114 
41.979580094509444 
41.978918298432234 
41.9795658706721 
41.97892193835802 
41.95426704129564 
41.95403356896171 
41.95426704129564 
41.979169787583054 
41.95426704129564 
41.979169787583054 
41.979161822055325 
41.979169787583054 
41.979161822055325 
41.979580096633114 
41.979161822055325 
41.979580094509444 
41.9795658706721 
41.979580094509444 
41.95403356896171 
41.95403356896171 
41.979565868567036 
41.95426704129564 
41.95426704129564 
41.97956599174098 
41.979169787583054 
41.979169787583054 
41.97978019521798 
41.979161822055325 
41.979161822055325 
41.97977639456188 
41.979580096633114 
41.979580094509444 
41.978918298432234 
41.9795658706721 
41.97892193835802 
41.95426704129564 
41.95403356896171 
41.95426704129564 
41.979169787583054 
41.95426704129564 
41.979169787583054 
41.979161822055325 
41.979169787583054 
41.979161822055325 
41.979580096633114 
41.979161822055325 
41.979580094509444 
41.9795658706721 
41.979580094509444 
41.95403356896171 
41.95426704129564 
41.97956599174098 
41.979169787583054 
41.979169787583054 
41.97978019521798 
41.979161822055325 
41.979161822055325 
41.97977639456188 
41.979580096633114 
41.979580094509444 
41.978918298432234 
41.9795658706721 
41.97892193835802 
41.95426704129564 
41.95403356896171 
41.95426704129564 
41.979169787583054 
41.95426704129564 
41.979169787583054 
41.979161822055325 
41.979169787583054 
41.979161822055325 
41.979580096633114 
41.979161822055325 
41.979580094509444 
41.9795658706721 
41.979580094509444 
41.95403356896171 
41.95403356896171 
41.979565868567036 
41.95426704129564 
41.95426704129564 
41.97956599174098 
41.979169787583054 
43.98299095689051 
43.97671635654697 
43.982725299695595 
43.98325376836236 
42.56489597956208 
42.56470537709693 
43.97656302644898 
41.97977631653444 
43.97666640108764 
42.966807252798056 
41.95426704129564 
41.97956599174098 
41.979169787583054 
41.979169787583054 
41.97978019521798 
41.979161822055325 
41.979161822055325 
41.97977639456188 
41.979580096633114 
41.979580094509444 
41.978918298432234 
41.9795658706721 
41.97892193835802 
41.95426704129564 
41.95403356896171 
41.95426704129564 
41.979169787583054 
41.95426704129564 
41.979169787583054 
41.979161822055325 
41.979169787583054 
41.979161822055325 
41.979580096633114 
41.979161822055325 
41.979580094509444 
41.9795658706721 
41.979580094509444 
41.95403356896171 
41.95426704129564 
41.97956599174098 
41.979169787583054 
41.979169787583054 
41.97978019521798 
41.979161822055325 
41.979161822055325 
41.97977639456188 
41.979580096633114 
41.979580094509444 
41.978918298432234 
41.9795658706721 
41.97892193835802 
41.95426704129564 
41.95403356896171 
41.95426704129564 
41.979169787583054 
41.95426704129564 
41.979169787583054 
41.979161822055325 
41.979169787583054 
41.979161822055325 
41.979580096633114 
41.979161822055325 
41.979580094509444 
41.9795658706721 
41.979580094509444 
41.95403356896171 
41.95403356896171 
41.979565868567036 
41.95426704129564 
41.95426704129564 
41.97956599174098 
41.979169787583054 
41.979169787583054 
41.97978019521798 
41.979161822055325 
41.979161822055325 
41.97977639456188 
41.979580096633114 
41.979580094509444 
41.978918298432234 
41.9795658706721 
41.97892193835802 
41.95426704129564 
41.95403356896171 
41.95426704129564 
41.979169787583054 
41.95426704129564 
41.979169787583054 
41.979161822055325 
41.979169787583054 
41.979161822055325 
41.979580096633114 
41.979161822055325 
41.979580094509444 
41.9795658706721 
41.979580094509444 
41.95403356896171 
41.95403356896171 
41.979565868567036 
41.95426704129564 
41.95426704129564 
41.97956599174098 
41.979169787583054 
41.979169787583054 
41.97978019521798 
41.979161822055325 
41.979161822055325 
41.97977639456188 
41.979580096633114 
41.979580094509444 
42.55580920766165 
43.9699873027235 
43.983093290037026 
43.56443113829678 
41.979161822055325 
43.98319854819573 
43.976772424349384 
42.54821114046424 
42.54821114046424 
43.30146803152064 
41.979161822055325 
43.286219017975185 
43.9827768441756 
43.98335893802403 
43.9829908857437 
43.78751510146555 
43.98277794655978 
41.95426704129564 
41.97956599174098 
41.979169787583054 
41.979169787583054 
41.97978019521798 
41.979161822055325 
41.979161822055325 
41.97977639456188 
41.979580096633114 
41.979580094509444 
41.978918298432234 
41.9795658706721 
41.97892193835802 
41.95426704129564 
41.95403356896171 
41.95426704129564 
41.979169787583054 
41.95426704129564 
41.979169787583054 
41.979161822055325 
41.979169787583054 
41.979161822055325 
41.979580096633114 
41.979161822055325 
41.979580094509444 
41.9795658706721 
41.979580094509444 
41.95403356896171 
41.95403356896171 
41.979565868567036 
41.95426704129564 
41.95426704129564 
41.97956599174098 
41.979169787583054 
41.979169787583054 
41.97978019521798 
41.979161822055325 
41.979161822055325 
41.97977639456188 
41.979580096633114 
41.979580094509444 
41.978918298432234 
41.9795658706721 
41.97892193835802 
41.95426704129564 
41.95403356896171 
41.95426704129564 
41.979169787583054 
41.95426704129564 
41.979169787583054 
41.979161822055325 
41.979169787583054 
41.979161822055325 
41.979580096633114 
41.979161822055325 
41.979580094509444 
41.9795658706721 
41.979580094509444 
41.95403356896171 
41.95403356896171 
41.979565868567036 
41.95426704129564 
41.95426704129564 
41.97956599174098 
41.979169787583054 
41.979169787583054 
41.97978019521798 
43.30156789384944 
41.979580094509444 
41.978918298432234 
41.9795658706721 
41.97892193835802 
41.95426704129564 
41.95403356896171 
41.95426704129564 
41.979169787583054 
41.95426704129564 
41.979169787583054 
41.979161822055325 
41.979169787583054 
41.979161822055325 
41.979580096633114 
41.979161822055325 
41.979580094509444 
41.9795658706721 
41.979580094509444 
41.95403356896171 
41.95403356896171 
41.979565868567036 
41.95426704129564 
41.95426704129564 
41.97956599174098 
41.979169787583054 
41.979169787583054 
41.97978019521798 
41.979161822055325 
41.979161822055325 
41.97977639456188 
41.979580096633114 
41.979580094509444 
43.78751510146555 
43.98288125192599 
43.983148625051754 
43.982935633656346 
43.97639944418475 
43.98335893802403 
43.97671539939737 
43.976928020194684 
43.976772424349384 
43.976772424349384 
43.98293836700544 
43.97650148446609 
43.97682889011701 
43.564899036165066 
41.979169787583054 
43.97650225129262 
43.97068551349213 
43.97650148446609 
43.56079781900656 
41.979161822055325 
43.982934613352676 
43.97671899071688 
43.78719426859576 
43.97004906906694 
43.98325377083564 
43.98293836700544 
43.98293834100992 
43.97650148446609 
43.97682889011701 
43.564899036165066 
43.98303974538202 
43.976930362855676 
43.556373830948424 
42.54821114046424 
42.54821114046424 
42.54821114046424 
42.54821114046424 
42.54821114046424 
43.5482915346974 
43.301447161228616 
42.54694820980987 
42.97273567101992 
43.9827768441756 
43.98335893802403 
43.9829908857437 
43.78751510146555 
43.98277794655978 
43.97692800710883 
43.7799905514867 
43.9767172954188 
43.98325379963061 
42.54821114046424 
42.54821114046424 
42.54821114046424 
42.54821114046424 
42.54821114046424 
42.54821114046424 
43.98304164100403 
42.55580920766165 
42.54694820980987 
43.7869606725655 
43.97629437391213 
43.97682889011701 
43.97666758196245 
43.787480722300764 
43.9830914437286 
43.982938356917074 
43.982725299695595 
43.98325376836236 
42.56489597956208 
42.56470537709693 
43.97656302644898 
41.97977631653444 
43.97666640108764 
42.966807252798056 
41.95403356896171 
43.97639380861842 
41.95426704129564 
41.979169787583054 
41.979161822055325 
41.979169787583054 
41.979161822055325 
41.979580096633114 
41.979161822055325 
41.979580094509444 
41.9795658706721 
41.979580094509444 
41.95403356896171 
41.95403356896171 
41.979565868567036 
41.95426704129564 
41.95426704129564 
41.97956599174098 
41.979169787583054 
41.979169787583054 
41.97978019521798 
41.979161822055325 
41.979161822055325 
41.97977639456188 
41.979580096633114 
41.979580094509444 
41.978918298432234 
41.9795658706721 
41.97892193835802 
41.95426704129564 
41.95403356896171 
41.95426704129564 
41.979169787583054 
41.95426704129564 
41.979169787583054 
41.979161822055325 
41.979169787583054 
41.979161822055325 
41.979580096633114 
41.979161822055325 
41.979580094509444 
41.9795658706721 
41.979580094509444 
41.95403356896171 
41.95403356896171 
41.979565868567036 
41.95426704129564 
41.95426704129564 
41.97956599174098 
41.979169787583054 
41.979169787583054 
41.97978019521798 
41.979161822055325 
41.979161822055325 
41.97977639456188 
41.979580096633114 
41.979580094509444 
41.978918298432234 
41.9795658706721 
41.97892193835802 
41.95426704129564 
41.95403356896171 
41.95426704129564 
41.979169787583054 
41.95426704129564 
41.979169787583054 
41.979161822055325 
41.979169787583054 
41.979161822055325 
41.979580096633114 
41.979161822055325 
41.979580094509444 
41.9795658706721 
41.979580094509444 
41.95403356896171 
41.95403356896171 
41.979565868567036 
41.95426704129564 
41.95426704129564 
41.97956599174098 
41.979169787583054 
41.979169787583054 
41.97978019521798 
41.979161822055325 
41.979161822055325 
41.97977639456188 
41.979580096633114 
41.979580094509444 
41.978918298432234 
41.9795658706721 
41.97892193835802 
41.95426704129564 
41.95403356896171 
41.95426704129564 
41.979169787583054 
41.95426704129564 
41.979169787583054 
41.979161822055325 
41.979169787583054 
41.979161822055325 
41.979580096633114 
41.979161822055325 
41.979161822055325 
41.97977639456188 
41.979580096633114 
41.979580094509444 
41.978918298432234 
41.9795658706721 
41.97892193835802 
41.95426704129564 
41.95403356896171 
41.95426704129564 
41.979169787583054 
41.95426704129564 
41.979169787583054 
41.979161822055325 
41.979169787583054 
41.979161822055325 
41.979580096633114 
41.979161822055325 
41.979580094509444 
41.9795658706721 
41.979580094509444 
41.95403356896171 
41.95403356896171 
41.979565868567036 
41.95426704129564 
41.95426704129564 
41.97956599174098 
41.979169787583054 
41.979169787583054 
41.97978019521798 
41.979161822055325 
41.979161822055325 
41.97977639456188 
42.979872910261136 
41.97892193835802 
41.95426704129564 
41.95403356896171 
41.95426704129564 
41.979169787583054 
41.95426704129564 
41.979169787583054 
41.979161822055325 
41.979169787583054 
41.979161822055325 
41.979580096633114 
41.979161822055325 
41.979580094509444 
41.9795658706721 
41.979580094509444 
41.95403356896171 
41.95403356896171 
41.979565868567036 
41.95426704129564 
41.95426704129564 
41.97956599174098 
41.979169787583054 
41.979169787583054 
41.97978019521798 
41.979161822055325 
41.979161822055325 
41.97977639456188 
41.979580096633114 
41.979580094509444 
41.978918298432234 
41.9795658706721 
41.97892193835802 
41.95426704129564 
41.95403356896171 
41.95426704129564 
41.979169787583054 
41.95426704129564 
41.979169787583054 
41.979161822055325 
41.979169787583054 
41.979161822055325 
41.979580096633114 
41.979161822055325 
41.979580094509444 
41.9795658706721 
41.979580094509444 
41.95403356896171 
41.95403356896171 
41.979565868567036 
41.95426704129564 
41.95426704129564 
41.97956599174098 
41.979169787583054 
41.979169787583054 
41.97978019521798 
41.979161822055325 
41.979161822055325 
41.97977639456188 
41.979580096633114 
41.979580094509444 
41.978918298432234 
41.9795658706721 
41.97892193835802 
41.95426704129564 
41.95403356896171 
41.95426704129564 
43.286219017975185 
43.9827768441756 
43.98335893802403 
43.9829908857437 
43.78751510146555 
43.98288125192599 
43.983148625051754 
43.982935633656346 
43.97639944418475 
43.98335893802403 
42.96070278421447 
43.976930799383055 
43.97660827411153 
43.98325378212853 
43.98325377110519 
43.97645059285624 
43.786912970758046 
41.979161822055325 
43.963880027608475 
43.786960654652695 
43.98325377110519 
43.983041640039076 
43.983039855097836 
43.98267169446232 
41.97977639456188 
41.979580096633114 
41.979580094509444 
41.978918298432234 
41.9795658706721 
41.97892193835802 
41.95426704129564 
41.95403356896171 
41.95426704129564 
41.979169787583054 
41.95426704129564 
41.979169787583054 
41.979161822055325 
41.979169787583054 
41.979161822055325 
41.979580096633114 
41.979161822055325 
41.979580094509444 
41.9795658706721 
41.979580094509444 
41.95403356896171 
41.95403356896171 
41.979565868567036 
41.95426704129564 
41.95426704129564 
41.97956599174098 
41.979169787583054 
41.979169787583054 
41.97978019521798 
41.979161822055325 
41.979161822055325 
41.97977639456188 
41.979580096633114 
41.979580094509444 
41.978918298432234 
41.9795658706721 
41.97892193835802 
41.95426704129564 
41.95403356896171 
41.95426704129564 
41.979169787583054 
41.95426704129564 
41.979169787583054 
41.979161822055325 
41.979169787583054 
41.979161822055325 
41.979580096633114 
41.979161822055325 
41.979580094509444 
41.9795658706721 
41.979580094509444 
41.95403356896171 
42.547159986693586 
41.97956599174098 
41.979169787583054 
41.979169787583054 
41.97978019521798 
41.979161822055325 
41.979161822055325 
41.97977639456188 
41.979580096633114 
41.979580094509444 
41.978918298432234 
41.9795658706721 
41.97892193835802 
41.95426704129564 
41.95403356896171 
41.95426704129564 
41.979169787583054 
41.95426704129564 
41.979169787583054 
41.979161822055325 
41.979169787583054 
41.979161822055325 
41.979580096633114 
41.979161822055325 
41.979580094509444 
41.9795658706721 
41.979580094509444 
41.95403356896171 
41.95403356896171 
41.979565868567036 
43.2864699287129 
41.979169787583054 
41.97978019521798 
41.979161822055325 
41.979161822055325 
41.97977639456188 
41.979580096633114 
41.979580094509444 
41.978918298432234 
41.9795658706721 
41.97892193835802 
41.95426704129564 
41.95403356896171 
41.95426704129564 
41.979169787583054 
41.95426704129564 
41.979169787583054 
41.979161822055325 
41.95426704129564 
41.979169787583054 
41.979161822055325 
41.979169787583054 
41.979161822055325 
41.979580096633114 
41.979161822055325 
41.979580094509444 
41.9795658706721 
41.979580094509444 
41.95403356896171 
41.95403356896171 
41.979565868567036 
41.95426704129564 
41.95426704129564 
41.97956599174098 
41.979169787583054 
41.979169787583054 
41.97978019521798 
41.979161822055325 
41.979161822055325 
41.97977639456188 
41.979580096633114 
41.979580094509444 
41.978918298432234 
41.9795658706721 
41.97892193835802 
41.95426704129564 
41.95403356896171 
41.95426704129564 
41.979169787583054 
41.95426704129564 
41.979169787583054 
41.979161822055325 
41.979169787583054 
41.979161822055325 
41.979580096633114 
41.979161822055325 
41.979580094509444 
41.9795658706721 
41.979580094509444 
41.95403356896171 
41.95403356896171 
41.979565868567036 
41.95426704129564 
41.95426704129564 
41.97956599174098 
41.979169787583054 
41.979169787583054 
41.97978019521798 
41.979161822055325 
41.979161822055325 
41.97977639456188 
41.979580096633114 
41.979580094509444 
41.978918298432234 
41.9795658706721 
41.97892193835802 
41.95426704129564 
41.95403356896171 
41.95426704129564 
41.979169787583054 
41.95426704129564 
41.979169787583054 
41.979161822055325 
41.979169787583054 
41.979161822055325 
41.979580096633114 
41.979161822055325 
41.979580094509444 
41.9795658706721 
41.979580094509444 
41.95403356896171 
41.95403356896171 
41.979565868567036 
41.95426704129564 
41.95426704129564 
41.97956599174098 
41.979169787583054 
41.979169787583054 
41.97978019521798 
41.979161822055325 
41.979161822055325 
41.97977639456188 
41.979580096633114 
41.979580094509444 
41.978918298432234 
41.9795658706721 
41.97892193835802 
41.95426704129564 
41.95403356896171 
41.95426704129564 
41.979169787583054 
41.95426704129564 
41.979169787583054 
41.979161822055325 
41.979169787583054 
41.979161822055325 
41.979580096633114 
41.979161822055325 
43.30146803152064 
41.979161822055325 
43.286219017975185 
43.9827768441756 
43.98335893802403 
43.9829908857437 
43.78751510146555 
43.98277794655978 
42.97288294321511 
41.95426704129564 
43.97650148446609 
43.97682889011701 
43.97666758196245 
43.29663478947657 
41.979169787583054 
42.96722533066907 
41.95403356896171 
41.979169787583054 
41.979565868567036 
41.95426704129564 
41.95426704129564 
41.97956599174098 
41.979169787583054 
41.979169787583054 
41.97978019521798 
41.979161822055325 
41.979161822055325 
41.97977639456188 
41.979580096633114 
41.979580094509444 
41.978918298432234 
41.9795658706721 
41.97892193835802 
41.95426704129564 
41.95403356896171 
41.95426704129564 
41.979169787583054 
41.95426704129564 
41.979169787583054 
41.979161822055325 
41.979169787583054 
41.979161822055325 
41.979580096633114 
41.979161822055325 
41.979580094509444 
41.9795658706721 
41.979580094509444 
41.95403356896171 
41.95403356896171 
41.979565868567036 
41.95426704129564 
41.95426704129564 
41.97956599174098 
41.979169787583054 
41.979169787583054 
41.97978019521798 
41.979161822055325 
41.979161822055325 
41.97977639456188 
41.979580096633114 
41.979580094509444 
41.978918298432234 
41.9795658706721 
41.97892193835802 
41.95426704129564 
41.95403356896171 
41.95426704129564 
41.979169787583054 
41.95426704129564 
41.979169787583054 
41.979161822055325 
41.979169787583054 
41.979161822055325 
41.979580096633114 
41.979161822055325 
41.979580094509444 
41.9795658706721 
41.979580094509444 
41.95403356896171 
41.95403356896171 
41.979565868567036 
41.95426704129564 
41.95426704129564 
41.97956599174098 
41.979169787583054 
41.979169787583054 
41.97978019521798 
41.979161822055325 
41.979161822055325 
41.97977639456188 
41.979580096633114 
41.979580094509444 
41.978918298432234 
41.9795658706721 
41.97892193835802 
41.95426704129564 
41.95403356896171 
41.95426704129564 
41.979169787583054 
41.95426704129564 
41.979169787583054 
41.979161822055325 
41.979169787583054 
41.979161822055325 
41.979580096633114 
41.979161822055325 
41.979580094509444 
41.9795658706721 
41.979580094509444 
41.95403356896171 
41.95403356896171 
41.979565868567036 
41.95426704129564 
41.95426704129564 
41.97956599174098 
41.979169787583054 
41.979169787583054 
41.97978019521798 
41.95426704129564 
41.97956599174098 
41.979169787583054 
41.979169787583054 
41.97978019521798 
41.979161822055325 
41.979161822055325 
41.97977639456188 
41.979580096633114 
41.979580094509444 
41.978918298432234 
41.9795658706721 
41.97892193835802 
41.95426704129564 
41.95403356896171 
41.95426704129564 
41.979169787583054 
41.95426704129564 
41.979169787583054 
41.979161822055325 
41.979169787583054 
41.979161822055325 
41.979580096633114 
41.979161822055325 
41.979580094509444 
41.9795658706721 
41.979580094509444 
41.95403356896171 
41.95426704129564 
41.97956599174098 
41.979169787583054 
41.979169787583054 
41.97978019521798 
41.979161822055325 
41.979161822055325 
41.97977639456188 
41.979580096633114 
41.979580094509444 
41.978918298432234 
41.9795658706721 
41.97892193835802 
41.95426704129564 
41.95403356896171 
41.95426704129564 
41.979169787583054 
41.95426704129564 
41.979169787583054 
41.979161822055325 
41.979169787583054 
41.979161822055325 
41.979580096633114 
41.979161822055325 
41.979580094509444 
41.9795658706721 
41.979580094509444 
41.95403356896171 
41.95403356896171 
41.979565868567036 
41.95426704129564 
41.95426704129564 
41.97956599174098 
41.979169787583054 
41.979169787583054 
41.97978019521798 
41.979161822055325 
41.979161822055325 
41.97977639456188 
41.979580096633114 
41.979580094509444 
41.978918298432234 
41.9795658706721 
41.97892193835802 
41.95426704129564 
41.95403356896171 
41.95426704129564 
41.979169787583054 
41.95426704129564 
41.979169787583054 
41.979161822055325 
41.979169787583054 
41.979161822055325 
41.979580096633114 
41.979161822055325 
41.979580094509444 
41.9795658706721 
41.979580094509444 
41.95403356896171 
41.95403356896171 
41.979565868567036 
41.95426704129564 
41.95426704129564 
41.97956599174098 
41.979169787583054 
41.979169787583054 
41.97978019521798 
41.979161822055325 
41.979161822055325 
41.97977639456188 
41.979580096633114 
41.979580094509444 
41.95403356896171 
41.979565868567036 
41.95426704129564 
41.95426704129564 
41.97956599174098 
41.979169787583054 
41.979169787583054 
41.97978019521798 
41.979161822055325 
41.979161822055325 
41.97977639456188 
41.979580096633114 
41.979580094509444 
41.978918298432234 
41.9795658706721 
41.97892193835802 
41.95426704129564 
41.95403356896171 
41.95426704129564 
41.979169787583054 
41.95426704129564 
41.979169787583054 
41.979161822055325 
41.979169787583054 
41.979161822055325 
41.979580096633114 
41.979161822055325 
41.979580094509444 
41.9795658706721 
41.979580094509444 
41.95403356896171 
41.95403356896171 
41.979565868567036 
41.95426704129564 
41.95426704129564 
41.97956599174098 
41.979169787583054 
41.979169787583054 
41.97978019521798 
41.979161822055325 
41.979161822055325 
41.97977639456188 
41.979580096633114 
41.979580094509444 
41.978918298432234 
41.9795658706721 
41.97892193835802 
41.95426704129564 
41.95403356896171 
41.95426704129564 
41.979169787583054 
41.95426704129564 
41.979169787583054 
41.979161822055325 
41.979169787583054 
41.979161822055325 
41.979580096633114 
41.979161822055325 
41.979580094509444 
41.9795658706721 
41.979580094509444 
41.95403356896171 
41.95403356896171 
41.979565868567036 
41.95426704129564 
41.95426704129564 
41.97956599174098 
41.979169787583054 
41.979169787583054 
41.97978019521798 
41.979161822055325 
41.979161822055325 
41.97977639456188 
41.979580096633114 
41.979580094509444 
41.978918298432234 
41.9795658706721 
41.97892193835802 
41.95426704129564 
41.95403356896171 
41.95426704129564 
41.979169787583054 
41.95426704129564 
41.979169787583054 
41.979161822055325 
41.979169787583054 
41.979161822055325 
41.979580096633114 
41.979161822055325 
41.979580094509444 
41.9795658706721 
41.979580094509444 
41.95403356896171 
41.95403356896171 
41.979565868567036 
41.95426704129564 
41.95426704129564 
41.97956599174098 
41.979169787583054 
41.979169787583054 
43.976926715935235 
43.97655413842161 
43.982935633656346 
43.97666730157745 
43.30203292728462 
41.95426704129564 
43.97650148446609 
43.97682889011701 
43.97666758196245 
43.29663478947657 
41.979161822055325 
41.979161822055325 
41.97977639456188 
41.979580096633114 
41.979580094509444 
41.978918298432234 
41.9795658706721 
41.97892193835802 
41.95426704129564 
41.95403356896171 
41.95426704129564 
41.979169787583054 
41.95426704129564 
41.979169787583054 
41.979161822055325 
41.979169787583054 
41.979161822055325 
41.979580096633114 
41.979161822055325 
41.979580094509444 
41.9795658706721 
41.979580094509444 
41.95403356896171 
41.95403356896171 
41.979565868567036 
41.95426704129564 
41.95426704129564 
41.97956599174098 
41.979169787583054 
41.979169787583054 
41.97978019521798 
41.979161822055325 
41.979161822055325 
41.97977639456188 
42.979872910261136 
41.97892193835802 
41.95426704129564 
41.95403356896171 
41.95426704129564 
41.979169787583054 
41.95426704129564 
41.979169787583054 
41.979161822055325 
41.979169787583054 
41.979161822055325 
41.979580096633114 
41.979161822055325 
41.979580094509444 
41.9795658706721 
41.979580094509444 
41.95403356896171 
41.95403356896171 
41.979565868567036 
41.95426704129564 
41.95426704129564 
41.97956599174098 
41.979169787583054 
41.979169787583054 
41.97978019521798 
41.979161822055325 
41.979161822055325 
41.97977639456188 
41.979580096633114 
41.979580094509444 
41.978918298432234 
41.9795658706721 
41.97892193835802 
41.95426704129564 
41.95403356896171 
41.95426704129564 
41.979169787583054 
41.95426704129564 
41.979169787583054 
41.979161822055325 
41.979169787583054 
41.979161822055325 
41.979580096633114 
41.979161822055325 
41.979580094509444 
41.9795658706721 
41.979580094509444 
41.95403356896171 
41.95403356896171 
41.979565868567036 
41.95426704129564 
41.95426704129564 
41.97956599174098 
41.979169787583054 
41.979169787583054 
41.97978019521798 
41.979161822055325 
41.979161822055325 
41.97977639456188 
41.979580096633114 
41.979580094509444 
41.978918298432234 
41.9795658706721 
41.97892193835802 
41.95426704129564 
41.95403356896171 
41.979161822055325 
41.979580094509444 
41.9795658706721 
41.979580094509444 
41.95403356896171 
41.95403356896171 
41.979565868567036 
41.95426704129564 
41.95426704129564 
41.97978019521798 
41.979161822055325 
41.979161822055325 
41.97977639456188 
41.979580096633114 
41.979580094509444 
41.978918298432234 
41.9795658706721 
41.97892193835802 
41.95426704129564 
41.95403356896171 
41.95426704129564 
41.979169787583054 
41.95426704129564 
41.979169787583054 
41.979161822055325 
41.979169787583054 
41.979161822055325 
41.979580096633114 
41.979161822055325 
41.979580094509444 
41.9795658706721 
41.979580094509444 
41.95403356896171 
41.95403356896171 
41.979565868567036 
41.95426704129564 
41.95426704129564 
41.97956599174098 
41.979169787583054 
41.979169787583054 
41.97978019521798 
41.979161822055325 
41.979161822055325 
41.97977639456188 
41.979580096633114 
41.979580094509444 
41.978918298432234 
41.9795658706721 
41.97892193835802 
41.95426704129564 
41.95403356896171 
41.95426704129564 
41.979169787583054 
41.95426704129564 
41.979169787583054 
41.979161822055325 
41.979169787583054 
41.979161822055325 
41.979580096633114 
41.979161822055325 
41.979580094509444 
41.9795658706721 
41.979580094509444 
41.95403356896171 
41.95403356896171 
41.979565868567036 
41.95426704129564 
41.95426704129564 
41.97956599174098 
41.979169787583054 
41.979169787583054 
41.97978019521798 
43.30156789384944 
41.979580094509444 
41.978918298432234 
41.9795658706721 
41.97892193835802 
41.95426704129564 
41.95403356896171 
41.95426704129564 
41.979169787583054 
41.95426704129564 
41.979169787583054 
41.979161822055325 
41.979169787583054 
41.979161822055325 
41.979580096633114 
41.979161822055325 
41.979580094509444 
41.9795658706721 
41.979580094509444 
41.95403356896171 
41.95403356896171 
41.979565868567036 
41.95426704129564 
41.95426704129564 
41.97956599174098 
41.979169787583054 
41.979169787583054 
41.97978019521798 
41.979565868567036 
41.95426704129564 
41.95426704129564 
41.97956599174098 
41.979169787583054 
41.979169787583054 
41.97978019521798 
41.979161822055325 
41.979161822055325 
41.97977639456188 
41.979580096633114 
41.979580094509444 
41.978918298432234 
41.9795658706721 
41.97892193835802 
41.95426704129564 
41.95403356896171 
41.95426704129564 
41.979169787583054 
41.95426704129564 
41.979169787583054 
41.979161822055325 
41.979169787583054 
41.979161822055325 
41.979580096633114 
41.979161822055325 
41.979580094509444 
41.9795658706721 
41.979580094509444 
41.95403356896171 
41.95403356896171 
41.979565868567036 
41.95426704129564 
41.95426704129564 
41.97956599174098 
41.979169787583054 
41.979169787583054 
41.97978019521798 
41.979161822055325 
41.979161822055325 
41.97977639456188 
41.979580096633114 
41.979580094509444 
41.978918298432234 
41.9795658706721 
41.97892193835802 
41.95426704129564 
41.95403356896171 
41.95426704129564 
41.979169787583054 
41.95426704129564 
41.979169787583054 
41.979161822055325 
41.979169787583054 
41.979161822055325 
41.979580096633114 
41.979161822055325 
41.979580094509444 
41.9795658706721 
41.979580094509444 
41.95403356896171 
41.95403356896171 
41.979565868567036 
41.95426704129564 
41.95426704129564 
41.97956599174098 
41.979169787583054 
41.979169787583054 
41.97978019521798 
41.979161822055325 
41.979161822055325 
41.97977639456188 
41.979580096633114 
41.979580094509444 
41.978918298432234 
41.9795658706721 
41.97892193835802 
41.95426704129564 
41.95403356896171 
41.95426704129564 
41.979169787583054 
41.95426704129564 
41.979169787583054 
41.979161822055325 
41.979169787583054 
41.979161822055325 
41.979580096633114 
41.979161822055325 
41.979580094509444 
41.9795658706721 
41.979580094509444 
41.95403356896171 
41.95403356896171 
41.979565868567036 
41.95426704129564 
41.95426704129564 
41.97956599174098 
41.979169787583054 
41.979169787583054 
41.97977639456188 
42.98003512701632 
41.95403356896171 
43.97666758196245 
43.976822884028216 
43.97656302644898 
43.2814909238311 
41.95426704129564 
43.963933082197386 
43.98267169446232 
41.95426704129564 
41.95403356896171 
43.97666758196245 
43.976822884028216 
43.97656302644898 
43.2814909238311 
41.95426704129564 
43.301312073295954 
43.983253792498424 
43.983148625051754 
43.98262103663633 
41.97978019521798 
43.30173952072307 
41.95426704129564 
43.78001516217842 
41.97956599174098 
43.296647646169646 
41.979161822055325 
43.97619204664984 
41.979580094509444 
43.970313716637015 
43.976926521474994 
43.9827768441756 
43.78731017505564 
41.97892193835802 
41.95426704129564 
41.95403356896171 
43.97666758196245 
43.976822884028216 
43.97656302644898 
43.2814909238311 
41.95426704129564 
41.97977639456188 
42.979872910261136 
43.97666640108764 
43.97665937227075 
43.976823842774145 
42.563919310437186 
42.979445911399 
41.97978019521798 
43.30156789384944 
41.979580094509444 
42.97288294321511 
41.95426704129564 
43.97650148446609 
43.97682889011701 
43.97666758196245 
43.29663478947657 
41.979169787583054 
43.97650148446609 
43.97682889011701 
43.291543196294654 
41.95426704129564 
41.979161822055325 
43.30148365449093 
41.97956599174098 
43.296647646169646 
41.979161822055325 
41.97977639456188 
41.979580096633114 
41.979580094509444 
41.978918298432234 
41.9795658706721 
41.97892193835802 
41.95426704129564 
41.95403356896171 
41.95426704129564 
41.979169787583054 
41.95426704129564 
41.979169787583054 
41.979161822055325 
41.979169787583054 
41.979161822055325 
41.979580096633114 
41.979161822055325 
41.979580094509444 
41.9795658706721 
41.979580094509444 
41.95403356896171 
42.547159986693586 
41.97978019521798 
41.979161822055325 
41.979161822055325 
41.97977639456188 
41.979580096633114 
41.979580094509444 
41.978918298432234 
41.9795658706721 
41.97892193835802 
41.95426704129564 
41.95403356896171 
41.95426704129564 
41.979169787583054 
41.95426704129564 
41.979169787583054 
41.979161822055325 
41.979169787583054 
41.979161822055325 
41.979580096633114 
41.979161822055325 
43.982406121054794 
43.97687573788532 
43.982881158396175 
43.78703013341823 
41.979161822055325 
43.9826164055297 
43.97676830430599 
43.97650225129262 
43.78728916308759 
41.979580094509444 
43.98325377083564 
43.98293836700544 
43.98293836700544 
43.97650148446609 
43.97682889011701 
43.564899036165066 
41.979169787583054 
43.97650225129262 
43.97068551349213 
43.97650148446609 
41.95403356896171 
41.95403356896171 
41.979565868567036 
41.95426704129564 
41.95426704129564 
41.97956599174098 
41.979169787583054 
41.979169787583054 
41.97978019521798 
41.979161822055325 
41.979161822055325 
41.97977639456188 
41.979580096633114 
41.979580094509444 
41.978918298432234 
42.56470537709693 
41.95426704129564 
41.979169787583054 
41.95426704129564 
41.979169787583054 
43.29622127335708 
41.979161822055325 
41.979580094509444 
41.9795658706721 
41.979580094509444 
41.95403356896171 
41.95403356896171 
41.979565868567036 
41.95426704129564 
41.95426704129564 
41.97956599174098 
41.979169787583054 
41.979169787583054 
41.97978019521798 
41.979161822055325 
41.979161822055325 
41.97977639456188 
41.979580096633114 
41.979580094509444 
41.978918298432234 
41.9795658706721 
41.97892193835802 
41.95426704129564 
41.95403356896171 
41.95426704129564 
41.979169787583054 
41.95426704129564 
41.979169787583054 
41.979161822055325 
41.979169787583054 
41.979161822055325 
41.979580096633114 
41.979161822055325 
41.979580094509444 
41.9795658706721 
41.979580094509444 
41.95403356896171 
41.95403356896171 
41.979565868567036 
41.95426704129564 
41.95426704129564 
41.97956599174098 
41.979169787583054 
41.979169787583054 
41.97978019521798 
41.979161822055325 
41.979161822055325 
41.97977639456188 
41.979580096633114 
41.979580094509444 
41.978918298432234 
41.9795658706721 
41.97892193835802 
41.95426704129564 
41.95403356896171 
41.95426704129564 
41.979169787583054 
41.95426704129564 
41.979169787583054 
41.979161822055325 
41.979169787583054 
41.979161822055325 
41.979580096633114 
41.979161822055325 
41.979580094509444 
41.9795658706721 
41.979580094509444 
41.95403356896171 
41.95403356896171 
41.979565868567036 
41.95426704129564 
41.95426704129564 
41.97956599174098 
41.979169787583054 
41.979169787583054 
41.97978019521798 
41.979161822055325 
41.979161822055325 
41.97977639456188 
41.979580096633114 
43.780269897957574 
41.979161822055325 
43.9826164055297 
43.97676830430599 
43.97650225129262 
43.78728916308759 
41.979580094509444 
43.97634211958996 
43.98299095689051 
43.97671635654697 
41.979161822055325 
41.97977639456188 
41.979580096633114 
41.979580094509444 
41.978918298432234 
41.9795658706721 
41.97892193835802 
41.95426704129564 
41.95403356896171 
41.95426704129564 
41.979169787583054 
41.95426704129564 
41.979169787583054 
41.979161822055325 
41.979169787583054 
41.979161822055325 
41.979580096633114 
41.979161822055325 
42.97919372791765 
41.95403356896171 
41.979565868567036 
41.95426704129564 
41.95426704129564 
41.97956599174098 
41.979169787583054 
41.979169787583054 
41.97978019521798 
41.979161822055325 
41.979161822055325 
41.97977639456188 
41.979580096633114 
41.979580094509444 
41.978918298432234 
41.9795658706721 
41.97892193835802 
41.95426704129564 
41.95403356896171 
41.95426704129564 
41.979169787583054 
41.95426704129564 
41.979169787583054 
41.979161822055325 
41.979169787583054 
41.979161822055325 
41.979580096633114 
41.979161822055325 
41.979580094509444 
41.9795658706721 
41.979580094509444 
41.95403356896171 
41.95403356896171 
41.979565868567036 
41.95426704129564 
41.95426704129564 
41.97956599174098 
41.979169787583054 
41.979169787583054 
41.97978019521798 
41.979161822055325 
41.979161822055325 
41.97977639456188 
41.979580096633114 
41.979580094509444 
41.978918298432234 
41.9795658706721 
41.97892193835802 
41.95426704129564 
41.95403356896171 
41.95426704129564 
41.979169787583054 
41.95426704129564 
41.979169787583054 
41.979161822055325 
41.979169787583054 
41.979161822055325 
41.979580096633114 
41.979161822055325 
41.979580094509444 
41.9795658706721 
41.979580094509444 
41.95403356896171 
41.95403356896171 
41.979565868567036 
41.95426704129564 
41.95426704129564 
41.97956599174098 
41.979169787583054 
41.979169787583054 
41.97978019521798 
41.979161822055325 
41.979161822055325 
41.97977639456188 
41.979580096633114 
41.979580094509444 
41.978918298432234 
41.9795658706721 
41.97892193835802 
41.95426704129564 
41.95403356896171 
41.95426704129564 
43.97650225129262 
43.97068551349213 
43.780269897957574 
41.979161822055325 
43.9826164055297 
43.97676830430599 
43.97650225129262 
43.78728916308759 
41.979580094509444 
43.97634211958996 
41.979580094509444 
41.95403356896171 
41.95403356896171 
41.979565868567036 
41.95426704129564 
41.95426704129564 
41.97956599174098 
41.979169787583054 
41.979169787583054 
41.97978019521798 
41.979161822055325 
41.979161822055325 
41.97977639456188 
41.979580096633114 
41.979580094509444 
41.978918298432234 
41.9795658706721 
41.97892193835802 
41.95426704129564 
41.95403356896171 
41.95426704129564 
41.979169787583054 
41.95426704129564 
41.979169787583054 
41.979161822055325 
41.979169787583054 
41.979161822055325 
41.979580096633114 
41.979161822055325 
41.979580094509444 
41.9795658706721 
41.979580094509444 
41.95403356896171 
41.95403356896171 
41.979565868567036 
41.95426704129564 
41.95426704129564 
41.97956599174098 
41.979169787583054 
41.979169787583054 
41.97978019521798 
41.979161822055325 
41.979161822055325 
41.97977639456188 
41.979580096633114 
41.979580094509444 
41.978918298432234 
41.9795658706721 
41.97892193835802 
41.95426704129564 
41.95403356896171 
41.95426704129564 
41.979169787583054 
41.95426704129564 
41.979169787583054 
41.979161822055325 
41.979169787583054 
41.979161822055325 
41.979580096633114 
41.979161822055325 
41.979580094509444 
41.9795658706721 
41.979580094509444 
41.95403356896171 
41.95403356896171 
41.979565868567036 
41.95426704129564 
41.95426704129564 
41.97956599174098 
41.979169787583054 
41.979169787583054 
41.97978019521798 
41.979161822055325 
41.979161822055325 
41.97977639456188 
41.979580096633114 
41.979580094509444 
41.978918298432234 
41.9795658706721 
41.97892193835802 
41.95426704129564 
41.95403356896171 
41.95426704129564 
41.979169787583054 
41.95426704129564 
41.979169787583054 
41.979161822055325 
41.979169787583054 
41.979161822055325 
41.979580096633114 
41.979161822055325 
41.979580094509444 
41.9795658706721 
41.979580094509444 
41.95403356896171 
41.95403356896171 
41.979565868567036 
41.95426704129564 
41.95426704129564 
41.97956599174098 
43.98303974538202 
43.976825673992096 
43.78027308302521 
42.54821114046424 
42.54821114046424 
42.54821114046424 
42.54821114046424 
42.54821114046424 
43.291788887079385 
42.96070278421447 
43.56429854079801 
43.97650148446609 
43.97676830430599 
43.97650225129262 
43.78728916308759 
43.98304160256085 
43.98319845521616 
43.98325379963061 
43.98256397891005 
43.98298442430297 
43.976768269438466 
43.56510284762916 
41.979565868567036 
43.77971001417255 
43.98325376836236 
43.9829908857437 
43.78751510146555 
41.95426704129564 
43.564447917860555 
43.98325376836236 
43.98293834100992 
43.98304159208927 
43.97682108986997 
43.97645421686406 
43.98299087685154 
43.98325379963061 
42.54821114046424 
42.54821114046424 
42.54821114046424 
42.54821114046424 
42.54821114046424 
42.54821114046424 
43.30146803152064 
41.979161822055325 
43.286219017975185 
43.9827768441756 
42.56489597956208 
42.56470537709693 
43.97656302644898 
41.97977631653444 
43.97666640108764 
42.966807252798056 
41.95403356896171 
43.97623562981661 
43.982829471876485 
42.96070278421447 
43.976930799383055 
41.979580094509444 
43.970313716637015 
43.976926521474994 
43.9827768441756 
43.78731017505564 
41.97892193835802 
43.54753642952409 
42.98003512701632 
41.95403356896171 
43.97666758196245 
43.976822884028216 
43.97656302644898 
43.2814909238311 
41.95426704129564 
41.97956599174098 
43.564375179516574 
43.98309337479596 
43.98278061590506 
43.98325376836236 
41.979169787583054 
43.564656066373125 
43.98325377110519 
43.983041640039076 
43.976562911789564 
43.56440963341631 
43.982934613352676 
43.97671899071688 
43.78719426859576 
43.97004906906694 
43.98325377083564 
43.98293836700544 
43.98293836700544 
43.97650148446609 
43.97682889011701 
43.564899036165066 
43.98299095689051 
43.97671635654697 
43.982725299695595 
43.98325376836236 
42.56489597956208 
42.56470537709693 
43.97656302644898 
41.97977631653444 
43.97666640108764 
42.966807252798056 
41.95426704129564 
41.95426704129564 
41.97956599174098 
41.979169787583054 
41.979169787583054 
41.97978019521798 
41.979161822055325 
41.979161822055325 
41.97977639456188 
41.979580096633114 
41.979580094509444 
41.978918298432234 
41.9795658706721 
41.97892193835802 
41.95426704129564 
41.95403356896171 
41.95426704129564 
41.979169787583054 
41.95426704129564 
41.979169787583054 
41.979161822055325 
41.979169787583054 
41.979161822055325 
41.979580096633114 
41.979161822055325 
42.97919372791765 
41.95403356896171 
41.979565868567036 
41.95426704129564 
41.95426704129564 
41.97956599174098 
41.979169787583054 
41.979169787583054 
41.97978019521798 
41.979161822055325 
41.979161822055325 
41.97977639456188 
41.979580096633114 
41.979580094509444 
41.978918298432234 
41.9795658706721 
41.97892193835802 
41.95426704129564 
41.95403356896171 
41.95426704129564 
41.979169787583054 
41.95426704129564 
41.979169787583054 
41.979161822055325 
41.979169787583054 
41.979161822055325 
41.979580096633114 
41.979161822055325 
41.979580094509444 
41.9795658706721 
41.979580094509444 
41.95403356896171 
41.95403356896171 
41.979565868567036 
41.95426704129564 
41.95426704129564 
41.97956599174098 
41.979169787583054 
41.979169787583054 
41.97978019521798 
41.979161822055325 
41.979161822055325 
41.97977639456188 
41.979580096633114 
41.979580094509444 
41.978918298432234 
41.9795658706721 
41.97892193835802 
41.95426704129564 
41.95403356896171 
41.95426704129564 
41.979169787583054 
41.95426704129564 
41.979169787583054 
41.979161822055325 
41.979169787583054 
41.979161822055325 
41.979580096633114 
41.979161822055325 
41.979580094509444 
41.9795658706721 
41.979580094509444 
41.95403356896171 
41.95403356896171 
41.979565868567036 
41.95426704129564 
41.95426704129564 
41.97956599174098 
41.979169787583054 
41.979169787583054 
41.97978019521798 
41.979161822055325 
41.979161822055325 
41.97977639456188 
41.979580096633114 
41.979169787583054 
42.96722533066907 
41.95403356896171 
41.979169787583054 
43.3016551806622 
41.979565868567036 
43.2864699287129 
41.979169787583054 
41.97978019521798 
41.979161822055325 
43.291788887079385 
43.30146803152064 
41.979161822055325 
43.286219017975185 
43.9827768441756 
43.98335893802403 
43.9829908857437 
43.78751510146555 
43.98288125192599 
43.983148625051754 
43.982935633656346 
41.979161822055325 
41.979161822055325 
41.97977639456188 
41.979580096633114 
41.979580094509444 
41.978918298432234 
41.9795658706721 
41.97892193835802 
41.95426704129564 
41.95403356896171 
41.95426704129564 
41.979169787583054 
41.95426704129564 
41.979169787583054 
41.979161822055325 
41.979169787583054 
41.979161822055325 
41.979580096633114 
41.979161822055325 
41.979580094509444 
41.9795658706721 
41.979580094509444 
41.95403356896171 
41.95403356896171 
41.979565868567036 
41.95426704129564 
41.95426704129564 
41.97956599174098 
41.979169787583054 
41.979169787583054 
41.97978019521798 
41.979161822055325 
41.979161822055325 
41.97977639456188 
41.979580096633114 
41.979580094509444 
41.978918298432234 
41.9795658706721 
41.97892193835802 
41.95426704129564 
41.95403356896171 
41.95426704129564 
41.979169787583054 
41.95426704129564 
41.979169787583054 
41.979161822055325 
41.979169787583054 
41.979161822055325 
41.979580096633114 
41.979161822055325 
41.979580094509444 
41.9795658706721 
41.979580094509444 
41.95403356896171 
41.95403356896171 
41.979565868567036 
41.95426704129564 
41.95426704129564 
41.97956599174098 
41.979169787583054 
41.979169787583054 
41.97978019521798 
41.979161822055325 
41.979161822055325 
41.97977639456188 
41.979580096633114 
41.979580094509444 
41.978918298432234 
41.9795658706721 
41.97892193835802 
41.95426704129564 
41.95403356896171 
41.95426704129564 
41.979169787583054 
41.95426704129564 
41.979169787583054 
41.979161822055325 
41.979169787583054 
41.979161822055325 
41.979580096633114 
41.979161822055325 
41.979580094509444 
41.9795658706721 
41.979580094509444 
41.95403356896171 
41.95403356896171 
41.979565868567036 
41.95426704129564 
41.95426704129564 
41.97956599174098 
41.979169787583054 
41.979169787583054 
41.97978019521798 
41.979161822055325 
41.979161822055325 
41.97977639456188 
41.979580096633114 
41.979580094509444 
41.978918298432234 
41.9795658706721 
43.982935633656346 
43.97666730157745 
43.30203292728462 
41.95426704129564 
43.97650148446609 
43.97682889011701 
43.97666758196245 
43.29663478947657 
41.979169787583054 
43.98314865549464 
43.296647646169646 
41.979161822055325 
41.97977639456188 
41.979580096633114 
41.979580094509444 
41.978918298432234 
41.9795658706721 
41.97892193835802 
41.95426704129564 
41.95403356896171 
41.95426704129564 
41.979169787583054 
41.95426704129564 
41.979169787583054 
41.979161822055325 
41.979169787583054 
41.979161822055325 
41.979580096633114 
41.979161822055325 
41.979580094509444 
41.9795658706721 
41.979580094509444 
41.95403356896171 
41.95403356896171 
41.979565868567036 
41.95426704129564 
41.95426704129564 
41.97956599174098 
41.979169787583054 
41.979169787583054 
41.97978019521798 
41.979161822055325 
41.979161822055325 
41.97977639456188 
41.979580096633114 
41.979580094509444 
41.978918298432234 
41.9795658706721 
41.97892193835802 
41.95426704129564 
41.95403356896171 
41.95426704129564 
41.979169787583054 
41.95426704129564 
41.979169787583054 
41.979161822055325 
41.979169787583054 
41.979161822055325 
41.979580096633114 
41.979161822055325 
41.979580094509444 
41.9795658706721 
41.979580094509444 
41.95403356896171 
41.95403356896171 
41.979565868567036 
41.95426704129564 
41.95426704129564 
41.97956599174098 
41.979169787583054 
41.979169787583054 
41.97978019521798 
41.979161822055325 
41.979161822055325 
41.97977639456188 
41.979580096633114 
41.979580094509444 
41.978918298432234 
41.9795658706721 
41.97892193835802 
41.95426704129564 
41.95403356896171 
41.95426704129564 
41.979169787583054 
41.95426704129564 
41.979169787583054 
41.979161822055325 
41.979169787583054 
41.979161822055325 
41.979580096633114 
41.979161822055325 
41.979580094509444 
41.9795658706721 
41.979580094509444 
41.95403356896171 
41.95403356896171 
41.979565868567036 
41.95426704129564 
41.95426704129564 
41.97956599174098 
41.979169787583054 
41.979169787583054 
41.97978019521798 
41.979161822055325 
41.979161822055325 
41.97977639456188 
41.979580096633114 
41.979580094509444 
41.978918298432234 
41.9795658706721 
41.979161822055325 
41.979161822055325 
41.97977639456188 
41.979580096633114 
41.979580094509444 
41.978918298432234 
41.9795658706721 
41.97892193835802 
41.95426704129564 
41.95403356896171 
41.95426704129564 
41.979169787583054 
41.95426704129564 
41.979169787583054 
41.979161822055325 
41.979169787583054 
41.979161822055325 
41.979580096633114 
41.979161822055325 
41.979580094509444 
41.9795658706721 
41.979580094509444 
41.95403356896171 
41.95403356896171 
41.979565868567036 
41.95426704129564 
41.95426704129564 
41.97956599174098 
41.979169787583054 
41.979169787583054 
41.97978019521798 
41.979161822055325 
41.979161822055325 
41.97977639456188 
41.979580096633114 
41.979580094509444 
41.978918298432234 
41.9795658706721 
41.97892193835802 
41.95426704129564 
41.95403356896171 
41.95426704129564 
41.979169787583054 
41.95426704129564 
41.979169787583054 
41.979161822055325 
41.979169787583054 
41.979161822055325 
41.979580096633114 
41.979161822055325 
41.979580094509444 
41.9795658706721 
41.979580094509444 
41.95403356896171 
41.95403356896171 
41.979565868567036 
41.95426704129564 
41.95426704129564 
41.97956599174098 
43.296647646169646 
41.979161822055325 
41.97977639456188 
41.979580096633114 
41.979580094509444 
41.978918298432234 
41.9795658706721 
41.97892193835802 
41.95426704129564 
41.95403356896171 
41.95426704129564 
41.979169787583054 
41.95426704129564 
41.979169787583054 
41.979161822055325 
41.979169787583054 
41.979161822055325 
41.979580096633114 
41.979161822055325 
41.979580094509444 
41.9795658706721 
41.979580094509444 
41.95403356896171 
41.95403356896171 
41.979565868567036 
41.95426704129564 
41.95426704129564 
41.97956599174098 
41.979169787583054 
41.979169787583054 
41.97978019521798 
41.979161822055325 
41.979161822055325 
41.97977639456188 
41.979580096633114 
41.979580094509444 
41.978918298432234 
41.9795658706721 
41.97892193835802 
41.95426704129564 
41.95403356896171 
41.979580094509444 
41.978918298432234 
41.9795658706721 
41.97892193835802 
41.95426704129564 
41.95403356896171 
41.95426704129564 
41.979169787583054 
41.95426704129564 
41.979169787583054 
41.979161822055325 
41.979169787583054 
41.979161822055325 
41.979580096633114 
41.979161822055325 
41.979580094509444 
41.9795658706721 
41.979580094509444 
41.95403356896171 
42.547159986693586 
41.97956599174098 
41.979169787583054 
41.979169787583054 
41.97978019521798 
41.979161822055325 
41.979161822055325 
41.97977639456188 
41.979580096633114 
41.979580094509444 
41.978918298432234 
41.9795658706721 
41.97892193835802 
41.95426704129564 
41.95403356896171 
41.95426704129564 
41.979169787583054 
41.95426704129564 
41.979169787583054 
41.979161822055325 
41.979169787583054 
41.979161822055325 
41.979580096633114 
41.979161822055325 
41.979580094509444 
41.9795658706721 
41.979580094509444 
41.95403356896171 
41.95403356896171 
41.979565868567036 
41.95426704129564 
41.95426704129564 
41.97956599174098 
41.979169787583054 
41.979169787583054 
41.97978019521798 
41.979161822055325 
41.979161822055325 
41.97977639456188 
41.979580096633114 
41.979580094509444 
41.978918298432234 
41.9795658706721 
41.97892193835802 
41.95426704129564 
41.95403356896171 
41.95426704129564 
41.979169787583054 
41.95426704129564 
41.979169787583054 
41.979161822055325 
41.979169787583054 
41.979161822055325 
41.979580096633114 
41.979161822055325 
41.979580094509444 
41.9795658706721 
41.979580094509444 
41.95403356896171 
41.95403356896171 
41.979565868567036 
41.95426704129564 
41.95426704129564 
41.97956599174098 
41.979169787583054 
41.979169787583054 
41.97978019521798 
41.979161822055325 
41.979161822055325 
41.97977639456188 
41.979580096633114 
41.979580094509444 
41.978918298432234 
41.9795658706721 
41.97892193835802 
41.95426704129564 
41.95403356896171 
41.95426704129564 
41.979169787583054 
41.95426704129564 
41.979169787583054 
41.979565868567036 
41.95426704129564 
41.95426704129564 
41.97956599174098 
41.979169787583054 
41.979169787583054 
41.97978019521798 
41.979161822055325 
41.979161822055325 
41.97977639456188 
41.979580096633114 
41.979580094509444 
41.978918298432234 
41.9795658706721 
41.97892193835802 
41.95426704129564 
41.95403356896171 
41.95426704129564 
41.979169787583054 
41.95426704129564 
41.979169787583054 
41.979161822055325 
41.979169787583054 
41.979161822055325 
41.979580096633114 
41.979161822055325 
41.979580094509444 
41.9795658706721 
41.979580094509444 
41.95403356896171 
41.95403356896171 
41.979565868567036 
41.95426704129564 
41.95426704129564 
41.97956599174098 
41.979169787583054 
41.979169787583054 
41.97978019521798 
41.979161822055325 
41.979161822055325 
41.97977639456188 
41.979580096633114 
41.979580094509444 
41.978918298432234 
41.9795658706721 
41.97892193835802 
41.95426704129564 
41.95403356896171 
41.95426704129564 
41.979169787583054 
41.95426704129564 
41.979169787583054 
41.979161822055325 
41.979169787583054 
41.979161822055325 
41.979580096633114 
41.979161822055325 
41.979580094509444 
41.9795658706721 
41.979580094509444 
41.95403356896171 
41.95403356896171 
41.979565868567036 
41.95426704129564 
41.95426704129564 
41.97956599174098 
41.979169787583054 
41.979169787583054 
41.97978019521798 
41.979161822055325 
41.979161822055325 
41.97977639456188 
41.979580096633114 
41.979580094509444 
41.978918298432234 
41.9795658706721 
41.97892193835802 
41.95426704129564 
41.95403356896171 
41.95426704129564 
41.979169787583054 
41.95426704129564 
41.979169787583054 
41.979161822055325 
41.979169787583054 
41.979161822055325 
41.979580096633114 
41.979161822055325 
41.979580094509444 
41.9795658706721 
41.979580094509444 
41.95403356896171 
41.95403356896171 
41.979565868567036 
41.95426704129564 
41.95426704129564 
41.97956599174098 
41.979169787583054 
41.979169787583054 
41.97978019521798 
43.30146803152064 
41.979161822055325 
43.286219017975185 
43.9827768441756 
43.98335893802403 
43.9829908857437 
43.78751510146555 
43.98277794655978 
43.78751510146555 
43.98288125192599 
43.983148625051754 
43.982935633656346 
43.97639944418475 
43.98335893802403 
43.97671539939737 
43.976928020194684 
43.976772424349384 
43.976772424349384 
41.979580094509444 
41.978918298432234 
41.9795658706721 
41.97892193835802 
41.95426704129564 
41.95403356896171 
41.979169787583054 
43.55605143621318 
43.564758641236565 
41.979169787583054 
41.97977639456188 
41.979580096633114 
41.979580094509444 
41.978918298432234 
41.9795658706721 
41.97892193835802 
41.95426704129564 
41.95403356896171 
41.979169787583054 
43.55605143621318 
41.979580094509444 
41.95403356896171 
41.95403356896171 
41.979565868567036 
41.95426704129564 
41.95426704129564 
41.97956599174098 
41.979169787583054 
41.979169787583054 
41.97978019521798 
41.979161822055325 
41.979161822055325 
41.97977639456188 
41.979580096633114 
41.979580094509444 
41.978918298432234 
41.9795658706721 
41.97892193835802 
41.95426704129564 
41.95403356896171 
41.95426704129564 
41.979169787583054 
41.95426704129564 
41.979169787583054 
41.979161822055325 
41.979169787583054 
41.979161822055325 
41.979580096633114 
41.979161822055325 
41.979580094509444 
41.9795658706721 
41.979580094509444 
41.95403356896171 
41.95403356896171 
41.979565868567036 
41.95426704129564 
41.95426704129564 
41.97956599174098 
41.979169787583054 
41.979169787583054 
41.97978019521798 
41.979161822055325 
41.979161822055325 
41.97977639456188 
41.979580096633114 
41.979580094509444 
41.978918298432234 
41.9795658706721 
41.97892193835802 
41.95426704129564 
41.95403356896171 
41.95426704129564 
41.979169787583054 
41.95426704129564 
41.979169787583054 
41.979161822055325 
41.979169787583054 
41.979161822055325 
41.979580096633114 
41.979161822055325 
41.979580094509444 
41.9795658706721 
41.979580094509444 
41.95403356896171 
41.95403356896171 
41.979565868567036 
41.95426704129564 
41.95426704129564 
41.97956599174098 
41.979169787583054 
41.979169787583054 
41.97978019521798 
41.979161822055325 
41.979161822055325 
41.97977639456188 
41.979580096633114 
41.979580094509444 
41.978918298432234 
41.9795658706721 
41.97892193835802 
41.95426704129564 
41.95403356896171 
41.95426704129564 
41.979169787583054 
41.95426704129564 
41.979169787583054 
41.979161822055325 
41.979169787583054 
41.979161822055325 
41.979580096633114 
41.979161822055325 
41.979580094509444 
41.9795658706721 
41.979580094509444 
41.95403356896171 
41.95403356896171 
41.979565868567036 
41.95426704129564 
41.95426704129564 
41.97956599174098 
41.979580094509444 
41.978918298432234 
41.9795658706721 
41.97892193835802 
41.95426704129564 
41.95403356896171 
41.95426704129564 
41.979169787583054 
41.95426704129564 
41.979169787583054 
41.979161822055325 
41.979169787583054 
41.979161822055325 
41.979580096633114 
41.979161822055325 
41.979580094509444 
41.9795658706721 
41.979580094509444 
41.95403356896171 
41.95403356896171 
41.979565868567036 
41.95426704129564 
41.95426704129564 
41.97956599174098 
41.979169787583054 
41.979169787583054 
41.97978019521798 
41.979161822055325 
41.979161822055325 
41.97977639456188 
41.979580096633114 
41.979580094509444 
41.978918298432234 
41.9795658706721 
41.97892193835802 
41.95426704129564 
41.95403356896171 
41.95426704129564 
41.979169787583054 
41.95426704129564 
41.979169787583054 
41.979161822055325 
41.979169787583054 
41.979161822055325 
41.979580096633114 
41.979161822055325 
41.979580094509444 
41.9795658706721 
41.979580094509444 
41.95403356896171 
41.95403356896171 
41.979565868567036 
41.95426704129564 
41.95426704129564 
41.97956599174098 
41.979169787583054 
41.979169787583054 
41.97978019521798 
41.979161822055325 
41.979161822055325 
41.97977639456188 
41.979580096633114 
41.979580094509444 
41.978918298432234 
41.9795658706721 
41.97892193835802 
41.95426704129564 
41.95403356896171 
41.95426704129564 
41.979169787583054 
41.95426704129564 
41.979169787583054 
41.979161822055325 
41.979169787583054 
41.979161822055325 
41.979580096633114 
41.979161822055325 
41.979580094509444 
41.9795658706721 
41.979580094509444 
41.95403356896171 
41.95403356896171 
41.979565868567036 
41.95426704129564 
41.95426704129564 
41.97956599174098 
41.979169787583054 
41.979169787583054 
41.97978019521798 
41.979161822055325 
41.979161822055325 
41.97977639456188 
41.979580096633114 
41.979580094509444 
41.978918298432234 
41.9795658706721 
41.97892193835802 
41.95426704129564 
41.95403356896171 
41.95426704129564 
42.96070278421447 
43.976930799383055 
41.979580094509444 
43.970313716637015 
43.976926521474994 
43.9827768441756 
43.78731017505564 
41.97892193835802 
43.54753642952409 
42.56489597956208 
42.56470537709693 
43.97656302644898 
41.97977631653444 
43.97666640108764 
42.966807252798056 
41.95403356896171 
41.979565868567036 
43.77971001417255 
43.98325376836236 
43.9829908857437 
43.78751510146555 
41.95426704129564 
43.78713924047509 
43.983041640039076 
43.98325378212853 
43.97656310389499 
43.301271128973454 
43.98293834100992 
43.97650148446609 
43.97682889011701 
43.564899036165066 
41.979169787583054 
43.97650225129262 
43.97068551349213 
43.97650148446609 
43.56079781900656 
41.979161822055325 
41.95426704129564 
41.979169787583054 
41.979161822055325 
41.979169787583054 
41.979161822055325 
41.979580096633114 
41.979161822055325 
41.979580094509444 
41.9795658706721 
41.979580094509444 
41.95403356896171 
41.95403356896171 
41.979565868567036 
41.95426704129564 
41.95426704129564 
41.97956599174098 
41.979169787583054 
41.979169787583054 
41.97978019521798 
41.979161822055325 
41.979161822055325 
41.97977639456188 
41.979580096633114 
41.979580094509444 
41.978918298432234 
41.9795658706721 
41.97892193835802 
41.95426704129564 
41.95403356896171 
41.95426704129564 
41.979169787583054 
41.95426704129564 
41.979169787583054 
41.979161822055325 
41.979169787583054 
41.979161822055325 
41.979580096633114 
41.979161822055325 
41.979580094509444 
41.9795658706721 
41.979580094509444 
41.95403356896171 
41.95403356896171 
41.979565868567036 
41.95426704129564 
41.95426704129564 
41.97956599174098 
41.979169787583054 
41.979169787583054 
41.97978019521798 
41.979161822055325 
41.979161822055325 
41.97977639456188 
41.979580096633114 
41.979580094509444 
41.978918298432234 
41.9795658706721 
41.97892193835802 
41.95426704129564 
41.95403356896171 
41.95426704129564 
41.979169787583054 
41.95426704129564 
41.979169787583054 
41.979161822055325 
41.979169787583054 
41.979161822055325 
41.979580096633114 
41.979161822055325 
41.979580094509444 
41.9795658706721 
41.979580094509444 
41.95403356896171 
41.95403356896171 
41.979565868567036 
41.95426704129564 
41.95426704129564 
41.97956599174098 
41.979169787583054 
41.979169787583054 
41.97978019521798 
41.979161822055325 
41.979161822055325 
41.97977639456188 
41.979580096633114 
41.979580094509444 
41.978918298432234 
41.9795658706721 
41.97892193835802 
41.95426704129564 
41.95403356896171 
41.95426704129564 
41.979169787583054 
41.95426704129564 
41.979169787583054 
41.979161822055325 
41.979169787583054 
41.979161822055325 
41.979580096633114 
41.979161822055325 
43.98303974538202 
43.976825673992096 
43.78027308302521 
42.54821114046424 
42.54821114046424 
42.54821114046424 
42.54821114046424 
42.54821114046424 
43.291788887079385 
42.96070278421447 
43.56429854079801 
43.97650148446609 
43.97676830430599 
43.97650225129262 
43.78728916308759 
43.98304160256085 
43.98319845521616 
43.98325379963061 
43.98256397891005 
43.98298442430297 
43.976768269438466 
43.56510284762916 
41.979565868567036 
43.77971001417255 
43.98325376836236 
43.9829908857437 
43.98325376836236 
41.979169787583054 
43.30139921119802 
43.98309337479596 
43.983041660881256 
43.98325381444188 
43.98325381444188 
43.97681998601726 
43.97682703742565 
43.98293829195931 
43.78703340160464 
41.95426704129564 
41.95426704129564 
41.97956599174098 
41.979169787583054 
41.979169787583054 
41.97978019521798 
41.979161822055325 
41.979161822055325 
41.97977639456188 
41.979580096633114 
41.979580094509444 
41.978918298432234 
41.9795658706721 
41.97892193835802 
41.95426704129564 
41.95403356896171 
41.95426704129564 
41.979169787583054 
41.95426704129564 
41.979169787583054 
41.979161822055325 
41.979169787583054 
41.979161822055325 
41.979580096633114 
41.979161822055325 
42.97919372791765 
41.95403356896171 
41.979565868567036 
41.95426704129564 
41.95426704129564 
41.97956599174098 
41.979169787583054 
41.979169787583054 
41.97978019521798 
41.979161822055325 
41.979161822055325 
41.97977639456188 
41.979580096633114 
41.979580094509444 
41.978918298432234 
41.9795658706721 
41.97892193835802 
41.95426704129564 
41.95403356896171 
41.95426704129564 
41.979169787583054 
41.95426704129564 
41.979169787583054 
41.979161822055325 
41.979169787583054 
41.979161822055325 
41.979580096633114 
41.979161822055325 
41.979580094509444 
41.9795658706721 
41.979580094509444 
41.95403356896171 
41.95403356896171 
41.979565868567036 
41.95426704129564 
41.95426704129564 
41.97956599174098 
41.979169787583054 
41.979169787583054 
41.97978019521798 
41.979161822055325 
41.979161822055325 
41.97977639456188 
41.979580096633114 
41.979580094509444 
41.978918298432234 
41.9795658706721 
41.97892193835802 
41.95426704129564 
41.95403356896171 
41.95426704129564 
41.979169787583054 
41.95426704129564 
41.979169787583054 
41.979161822055325 
41.979169787583054 
41.979161822055325 
41.979580096633114 
41.979161822055325 
41.979580094509444 
41.9795658706721 
41.979580094509444 
41.95403356896171 
41.95403356896171 
41.979565868567036 
41.95426704129564 
41.95426704129564 
41.97956599174098 
41.979169787583054 
41.979169787583054 
41.97978019521798 
41.979161822055325 
41.979161822055325 
41.97977639456188 
41.979580096633114 
43.55665732627877 
43.976926715935235 
43.97655413842161 
43.982935633656346 
43.97666730157745 
43.30203292728462 
41.95426704129564 
43.97650148446609 
43.97682889011701 
43.97666758196245 
43.29663478947657 
43.97671539939737 
43.976928020194684 
43.976772424349384 
43.976772424349384 
43.976926715935235 
43.97655413842161 
43.982935633656346 
43.97666730157745 
43.30203292728462 
41.95426704129564 
41.979161822055325 
41.979169787583054 
41.979161822055325 
41.979580096633114 
41.979161822055325 
41.979580094509444 
41.9795658706721 
41.979580094509444 
41.95403356896171 
41.95403356896171 
41.979565868567036 
41.95426704129564 
41.95426704129564 
41.97956599174098 
41.979169787583054 
41.979169787583054 
41.97978019521798 
41.979161822055325 
41.979161822055325 
41.97977639456188 
41.979580096633114 
41.979580094509444 
41.978918298432234 
41.9795658706721 
41.97892193835802 
41.95426704129564 
41.95403356896171 
41.95426704129564 
41.979169787583054 
41.95426704129564 
41.979169787583054 
41.979161822055325 
41.979169787583054 
41.979161822055325 
41.979580096633114 
41.979161822055325 
41.979580094509444 
41.9795658706721 
41.979580094509444 
41.95403356896171 
41.95403356896171 
41.979565868567036 
41.95426704129564 
41.95426704129564 
41.97956599174098 
41.979169787583054 
41.979169787583054 
41.97978019521798 
41.979161822055325 
41.979161822055325 
41.97977639456188 
41.979580096633114 
41.979580094509444 
41.978918298432234 
41.9795658706721 
41.97892193835802 
41.95426704129564 
41.95403356896171 
41.95426704129564 
41.979169787583054 
41.95426704129564 
41.979169787583054 
41.979161822055325 
41.979169787583054 
41.979161822055325 
41.979580096633114 
41.979161822055325 
41.979580094509444 
41.9795658706721 
41.979580094509444 
41.95403356896171 
41.95403356896171 
41.979565868567036 
41.95426704129564 
41.95426704129564 
41.97956599174098 
41.979169787583054 
41.979169787583054 
41.97978019521798 
41.979161822055325 
41.979161822055325 
41.97977639456188 
41.979580096633114 
41.979580094509444 
41.978918298432234 
41.9795658706721 
41.97892193835802 
41.95426704129564 
41.95403356896171 
41.95426704129564 
41.979169787583054 
41.95426704129564 
41.979169787583054 
41.979161822055325 
41.979169787583054 
41.979161822055325 
41.979580096633114 
41.979161822055325 
41.979580094509444 
41.9795658706721 
43.983148625051754 
43.982935633656346 
43.97639944418475 
43.98335893802403 
43.97671539939737 
43.976928020194684 
43.976772424349384 
43.976772424349384 
43.976926715935235 
43.97655413842161 
41.95426704129564 
41.979169787583054 
41.95426704129564 
41.979169787583054 
41.979161822055325 
41.979169787583054 
41.979161822055325 
41.979580096633114 
41.979161822055325 
41.979580094509444 
41.9795658706721 
41.979580094509444 
41.95403356896171 
41.95403356896171 
41.979565868567036 
41.95426704129564 
41.95426704129564 
41.97956599174098 
41.979169787583054 
41.979169787583054 
41.97978019521798 
41.979161822055325 
41.979161822055325 
41.97977639456188 
41.979580096633114 
41.979580094509444 
41.978918298432234 
41.9795658706721 
41.97892193835802 
41.95426704129564 
41.95403356896171 
41.95426704129564 
41.979169787583054 
41.95426704129564 
41.979169787583054 
41.979161822055325 
41.979169787583054 
41.979161822055325 
41.979580096633114 
41.979161822055325 
41.979580094509444 
41.9795658706721 
41.979580094509444 
41.95403356896171 
41.95403356896171 
41.979565868567036 
41.95426704129564 
41.95426704129564 
41.97956599174098 
41.979169787583054 
41.979169787583054 
41.97978019521798 
41.979161822055325 
41.979161822055325 
41.97977639456188 
41.979580096633114 
41.979580094509444 
41.978918298432234 
41.9795658706721 
41.97892193835802 
41.95426704129564 
41.95403356896171 
41.95426704129564 
41.979169787583054 
41.95426704129564 
41.979169787583054 
41.979161822055325 
41.979169787583054 
41.979161822055325 
41.979580096633114 
41.979161822055325 
41.979580094509444 
41.9795658706721 
41.979580094509444 
41.95403356896171 
41.95403356896171 
41.979565868567036 
41.95426704129564 
41.95426704129564 
41.97956599174098 
41.979169787583054 
41.979169787583054 
41.97978019521798 
41.979161822055325 
41.979161822055325 
41.97977639456188 
41.979580096633114 
41.979580094509444 
41.978918298432234 
41.9795658706721 
41.97892193835802 
41.95426704129564 
41.95403356896171 
41.95426704129564 
41.979169787583054 
41.95426704129564 
41.979169787583054 
41.979161822055325 
41.979169787583054 
41.979161822055325 
42.54821114046424 
42.54821114046424 
42.54821114046424 
42.54821114046424 
43.30146803152064 
41.979161822055325 
43.286219017975185 
43.9827768441756 
43.98335893802403 
43.9829908857437 
41.979580094509444 
41.9795658706721 
41.979580094509444 
41.95403356896171 
41.95403356896171 
41.979565868567036 
41.95426704129564 
41.95426704129564 
41.97956599174098 
41.979169787583054 
41.979169787583054 
41.97978019521798 
41.979161822055325 
41.979161822055325 
41.97977639456188 
41.979580096633114 
41.979580094509444 
41.978918298432234 
41.9795658706721 
41.97892193835802 
41.95426704129564 
41.95403356896171 
41.95426704129564 
41.979169787583054 
41.95426704129564 
41.979169787583054 
41.979161822055325 
41.979169787583054 
41.979161822055325 
41.979580096633114 
41.979161822055325 
41.979580094509444 
41.9795658706721 
41.979580094509444 
41.95403356896171 
41.95403356896171 
41.979565868567036 
41.95426704129564 
41.95426704129564 
41.97956599174098 
41.979169787583054 
41.979169787583054 
41.97978019521798 
41.979161822055325 
41.979161822055325 
41.97977639456188 
41.979580096633114 
41.979580094509444 
41.978918298432234 
41.9795658706721 
41.97892193835802 
41.95426704129564 
41.95403356896171 
41.95426704129564 
41.979169787583054 
41.95426704129564 
41.979169787583054 
41.979161822055325 
41.979169787583054 
41.979161822055325 
41.979580096633114 
41.979161822055325 
41.979580094509444 
41.9795658706721 
41.979580094509444 
41.95403356896171 
41.95403356896171 
41.979565868567036 
41.95426704129564 
41.95426704129564 
41.97956599174098 
41.979169787583054 
41.979169787583054 
41.97978019521798 
41.979161822055325 
41.979161822055325 
41.97977639456188 
41.979580096633114 
41.979580094509444 
41.978918298432234 
41.9795658706721 
41.97892193835802 
41.95426704129564 
41.95403356896171 
41.95426704129564 
41.979169787583054 
41.95426704129564 
41.979169787583054 
41.979161822055325 
41.979169787583054 
41.979161822055325 
41.979580096633114 
41.979161822055325 
41.979580094509444 
41.9795658706721 
41.979580094509444 
41.95403356896171 
41.95403356896171 
41.979565868567036 
41.95426704129564 
43.97650225129262 
43.78728916308759 
41.979580094509444 
43.97634211958996 
43.98299095689051 
43.97671635654697 
43.982725299695595 
43.98325376836236 
42.56489597956208 
42.56470537709693 
43.30146803152064 
41.979161822055325 
43.286219017975185 
43.9827768441756 
43.98335893802403 
43.9829908857437 
43.78751510146555 
43.98288125192599 
43.983148625051754 
43.982935633656346 
41.9795658706721 
41.979580094509444 
41.95403356896171 
41.95403356896171 
41.979565868567036 
41.95426704129564 
41.95426704129564 
41.97956599174098 
41.979169787583054 
41.979169787583054 
41.97978019521798 
41.979161822055325 
41.979161822055325 
41.97977639456188 
41.979580096633114 
41.979580094509444 
41.978918298432234 
41.9795658706721 
41.97892193835802 
41.95426704129564 
41.95403356896171 
41.95426704129564 
41.979169787583054 
41.95426704129564 
41.979169787583054 
41.979161822055325 
41.979169787583054 
41.979161822055325 
41.979580096633114 
41.979161822055325 
41.979580094509444 
41.9795658706721 
41.979580094509444 
41.95403356896171 
41.95403356896171 
41.979565868567036 
41.95426704129564 
41.95426704129564 
41.97956599174098 
41.979169787583054 
41.979169787583054 
41.97978019521798 
41.979161822055325 
41.979161822055325 
41.97977639456188 
41.979580096633114 
41.979580094509444 
41.978918298432234 
41.9795658706721 
41.97892193835802 
41.95426704129564 
41.95403356896171 
41.95426704129564 
41.979169787583054 
41.95426704129564 
41.979169787583054 
41.979161822055325 
41.979169787583054 
41.979161822055325 
41.979580096633114 
41.979161822055325 
41.979580094509444 
41.9795658706721 
41.979580094509444 
41.95403356896171 
41.95403356896171 
41.979565868567036 
41.95426704129564 
41.95426704129564 
41.97956599174098 
41.979169787583054 
41.979169787583054 
41.97978019521798 
41.979161822055325 
41.979161822055325 
41.97977639456188 
41.979580096633114 
41.979580094509444 
41.978918298432234 
41.9795658706721 
41.97892193835802 
41.95426704129564 
41.95403356896171 
41.95426704129564 
41.979169787583054 
41.95426704129564 
41.979169787583054 
41.979161822055325 
41.979169787583054 
41.979161822055325 
41.979580096633114 
41.979161822055325 
41.979580094509444 
41.9795658706721 
41.979580094509444 
41.95403356896171 
41.95403356896171 
41.979565868567036 
41.95426704129564 
41.95426704129564 
41.979169787583054 
41.95426704129564 
41.979169787583054 
41.979161822055325 
41.979169787583054 
41.979161822055325 
41.979580096633114 
41.979161822055325 
41.979580094509444 
41.9795658706721 
41.979580094509444 
41.95403356896171 
41.95403356896171 
41.979565868567036 
41.95426704129564 
41.95426704129564 
41.97956599174098 
41.979169787583054 
41.979169787583054 
41.97978019521798 
41.979161822055325 
41.979161822055325 
41.97977639456188 
41.979580096633114 
41.979580094509444 
41.978918298432234 
41.9795658706721 
41.97892193835802 
41.95426704129564 
41.95403356896171 
41.95426704129564 
41.979169787583054 
41.95426704129564 
41.979169787583054 
41.979161822055325 
41.979169787583054 
41.979161822055325 
41.979580096633114 
41.979161822055325 
41.979580094509444 
41.9795658706721 
41.979580094509444 
41.95403356896171 
41.95403356896171 
41.979565868567036 
41.95426704129564 
41.95426704129564 
41.97956599174098 
41.979169787583054 
41.979169787583054 
41.97978019521798 
41.979161822055325 
41.979161822055325 
41.97977639456188 
41.979580096633114 
41.979580094509444 
41.978918298432234 
41.9795658706721 
41.97892193835802 
41.95426704129564 
41.95403356896171 
41.95426704129564 
41.979169787583054 
41.95426704129564 
41.979161822055325 
41.979580096633114 
41.979161822055325 
41.979580094509444 
41.9795658706721 
41.979580094509444 
41.95403356896171 
41.95403356896171 
41.979565868567036 
41.95426704129564 
41.95426704129564 
41.97956599174098 
41.979169787583054 
41.979169787583054 
41.97978019521798 
41.979161822055325 
41.979161822055325 
41.97977639456188 
41.979580096633114 
41.979580094509444 
41.978918298432234 
41.9795658706721 
41.97892193835802 
41.95426704129564 
41.95403356896171 
41.95426704129564 
41.979169787583054 
41.95426704129564 
41.979169787583054 
41.979161822055325 
41.979169787583054 
41.979161822055325 
41.979580096633114 
41.979161822055325 
41.979580094509444 
41.9795658706721 
43.98282852394926 
43.98309337479596 
43.982934613352676 
43.97671899071688 
43.78719426859576 
43.97004906906694 
43.98325377083564 
43.98293836700544 
43.98293836700544 
43.97650148446609 
42.54821114046424 
42.54821114046424 
43.30146803152064 
41.979161822055325 
43.286219017975185 
43.9827768441756 
43.98335893802403 
43.9829908857437 
43.78751510146555 
43.98288125192599 
43.30203292728462 
41.95426704129564 
43.97650148446609 
43.97682889011701 
43.97666758196245 
43.29663478947657 
41.979169787583054 
43.98314865549464 
43.982829471876485 
43.97650225129262 
43.97068551349213 
43.780269897957574 
41.979161822055325 
43.9826164055297 
43.97676830430599 
43.97650225129262 
43.78728916308759 
41.979580094509444 
43.97634211958996 
43.98335893802403 
43.9829908857437 
43.78751510146555 
43.98277794655978 
43.98304159998623 
43.983253792498424 
43.982406121054794 
43.97687573788532 
43.982881158396175 
43.78703013341823 
43.30203292728462 
41.95426704129564 
43.97650148446609 
43.97682889011701 
43.97666758196245 
43.29663478947657 
41.979169787583054 
43.98314865549464 
43.982829471876485 
41.979580094509444 
41.9795658706721 
41.979580094509444 
41.95403356896171 
41.95403356896171 
41.979565868567036 
41.95426704129564 
41.95426704129564 
41.97956599174098 
41.979169787583054 
41.979169787583054 
41.97978019521798 
41.979161822055325 
41.979161822055325 
41.97977639456188 
41.979580096633114 
41.979580094509444 
41.978918298432234 
41.9795658706721 
41.97892193835802 
41.95426704129564 
41.95403356896171 
41.95426704129564 
41.979169787583054 
41.95426704129564 
41.979169787583054 
41.979161822055325 
41.979169787583054 
41.979161822055325 
41.979580096633114 
41.979161822055325 
41.979580094509444 
41.9795658706721 
41.979580094509444 
41.95403356896171 
41.95403356896171 
41.979565868567036 
41.95426704129564 
41.95426704129564 
41.97956599174098 
41.979169787583054 
41.979169787583054 
41.97978019521798 
41.979161822055325 
41.979161822055325 
41.97977639456188 
41.979580096633114 
41.979580094509444 
41.978918298432234 
41.9795658706721 
41.97892193835802 
41.95426704129564 
41.95403356896171 
41.95426704129564 
41.979169787583054 
41.95426704129564 
41.979169787583054 
41.979161822055325 
41.979169787583054 
41.979161822055325 
41.979580096633114 
41.979161822055325 
41.979580094509444 
41.9795658706721 
41.979580094509444 
41.95403356896171 
41.95403356896171 
41.979565868567036 
41.95426704129564 
41.95426704129564 
41.97956599174098 
41.979169787583054 
41.979169787583054 
41.97978019521798 
41.979161822055325 
41.979161822055325 
41.97977639456188 
41.979580096633114 
41.979580094509444 
41.978918298432234 
41.9795658706721 
41.97892193835802 
41.95426704129564 
41.95403356896171 
41.95426704129564 
41.979169787583054 
41.95426704129564 
41.979169787583054 
41.979161822055325 
41.979169787583054 
41.979161822055325 
41.979580096633114 
41.979161822055325 
41.979580094509444 
41.9795658706721 
41.979580094509444 
41.95403356896171 
41.95403356896171 
41.979565868567036 
41.95426704129564 
41.95426704129564 
41.979169787583054 
41.979161822055325 
41.979169787583054 
41.979161822055325 
41.979580096633114 
41.979161822055325 
41.979580094509444 
41.9795658706721 
41.979580094509444 
41.95403356896171 
41.95403356896171 
41.979565868567036 
41.95426704129564 
41.95426704129564 
41.97956599174098 
41.979169787583054 
41.979169787583054 
41.97978019521798 
41.979161822055325 
41.979161822055325 
41.97977639456188 
41.979580096633114 
41.979580094509444 
41.978918298432234 
41.9795658706721 
41.97892193835802 
41.95426704129564 
41.95403356896171 
41.95426704129564 
41.979169787583054 
41.95426704129564 
41.979169787583054 
41.979161822055325 
41.979169787583054 
41.979161822055325 
41.979580096633114 
41.979161822055325 
41.979580094509444 
41.9795658706721 
41.979580094509444 
41.95403356896171 
41.95426704129564 
41.97956599174098 
41.979169787583054 
41.979169787583054 
41.97978019521798 
41.979161822055325 
41.979161822055325 
41.97977639456188 
41.979580096633114 
41.979580094509444 
41.978918298432234 
41.9795658706721 
41.97892193835802 
41.95426704129564 
41.95403356896171 
41.95426704129564 
41.979169787583054 
41.95426704129564 
41.979169787583054 
41.979161822055325 
41.979169787583054 
41.979161822055325 
41.979580096633114 
41.979161822055325 
41.979580094509444 
41.9795658706721 
41.979580094509444 
41.95403356896171 
41.95403356896171 
41.979565868567036 
41.95426704129564 
41.95426704129564 
41.97956599174098 
41.979169787583054 
41.979169787583054 
41.97978019521798 
41.979161822055325 
41.979161822055325 
42.56489597956208 
41.9795658706721 
41.97892193835802 
41.95426704129564 
41.95403356896171 
41.95426704129564 
41.979169787583054 
41.95426704129564 
41.979169787583054 
41.979161822055325 
41.979169787583054 
41.979161822055325 
41.979580096633114 
41.979161822055325 
41.979580094509444 
41.9795658706721 
41.979580094509444 
41.95403356896171 
41.95403356896171 
41.979565868567036 
